{"probs": {"group_rank": {"a": [{"team": "Team Liquid", "probs": [0.310328, 0.223669, 0.161604, 0.121798, 0.072606, 0.05215, 0.033544, 0.018711, 0.00559]}, {"team": "PSG.LGD", "probs": [0.298031, 0.221169, 0.163844, 0.124135, 0.075135, 0.054857, 0.035971, 0.020452, 0.006406]}, {"team": "Evil Geniuses", "probs": [0.107278, 0.13591, 0.148025, 0.148584, 0.134031, 0.117809, 0.097181, 0.07338, 0.037802]}, {"team": "Mineski", "probs": [0.105704, 0.134784, 0.146839, 0.147467, 0.133785, 0.118891, 0.099181, 0.074805, 0.038544]}, {"team": "Fnatic", "probs": [0.07068, 0.101242, 0.123483, 0.136358, 0.144193, 0.138449, 0.124869, 0.101749, 0.058977]}, {"team": "Winstrike Team", "probs": [0.045226, 0.072964, 0.096309, 0.11551, 0.139512, 0.148159, 0.149359, 0.137287, 0.095674]}, {"team": "OG", "probs": [0.038301, 0.062119, 0.084535, 0.103752, 0.133446, 0.149552, 0.161042, 0.156071, 0.111182]}, {"team": "VGJ.Thunder", "probs": [0.018498, 0.034555, 0.052216, 0.068835, 0.104948, 0.131217, 0.16666, 0.21043, 0.212641]}, {"team": "Invictus Gaming", "probs": [0.005954, 0.013588, 0.023145, 0.033561, 0.062344, 0.088916, 0.132193, 0.207115, 0.433184]}], "b": [{"team": "Virtus.pro", "probs": [0.496319, 0.221544, 0.125825, 0.079167, 0.036255, 0.023149, 0.011821, 0.00503, 0.00089]}, {"team": "Team Secret", "probs": [0.151114, 0.195216, 0.1772, 0.155409, 0.115347, 0.0912, 0.064495, 0.038667, 0.011352]}, {"team": "TNC Predator", "probs": [0.097479, 0.146016, 0.157325, 0.154592, 0.137263, 0.119761, 0.096657, 0.066975, 0.023932]}, {"team": "VGJ.Storm", "probs": [0.09511, 0.144845, 0.154856, 0.154083, 0.138865, 0.122464, 0.098058, 0.067991, 0.023728]}, {"team": "OpTic Gaming", "probs": [0.066074, 0.109206, 0.132316, 0.146472, 0.151529, 0.143077, 0.124277, 0.091304, 0.035745]}, {"team": "Vici Gaming", "probs": [0.053873, 0.095234, 0.118103, 0.13254, 0.146748, 0.149275, 0.140812, 0.112032, 0.051383]}, {"team": "Newbee", "probs": [0.025606, 0.05282, 0.075768, 0.095736, 0.13058, 0.152728, 0.175283, 0.181403, 0.110076]}, {"team": "paiN Gaming", "probs": [0.012865, 0.030539, 0.049405, 0.067073, 0.108042, 0.139503, 0.183906, 0.238918, 0.169749]}, {"team": "Team Serenity", "probs": [0.00156, 0.00458, 0.009202, 0.014928, 0.035371, 0.058843, 0.104691, 0.19768, 0.573145]}]}, "final_rank": [{"team": "Virtus.pro", "probs": [0.00089, 0.022783, 0.070833, 0.0691, 0.118003, 0.085389, 0.111822, 0.168534, 0.352646]}, {"team": "Team Liquid", "probs": [0.00559, 0.064881, 0.143419, 0.114651, 0.162018, 0.100345, 0.116524, 0.139612, 0.15296]}, {"team": "PSG.LGD", "probs": [0.006406, 0.069785, 0.148177, 0.117258, 0.162531, 0.100087, 0.114343, 0.13609, 0.145323]}, {"team": "Team Secret", "probs": [0.011352, 0.123205, 0.197287, 0.135234, 0.166908, 0.091636, 0.097067, 0.098179, 0.079132]}, {"team": "TNC Predator", "probs": [0.023932, 0.182897, 0.238475, 0.139924, 0.152079, 0.075852, 0.074282, 0.067082, 0.045477]}, {"team": "VGJ.Storm", "probs": [0.023728, 0.18535, 0.241945, 0.140605, 0.15106, 0.07535, 0.073195, 0.065714, 0.043053]}, {"team": "Evil Geniuses", "probs": [0.037802, 0.190443, 0.248936, 0.141675, 0.145498, 0.071548, 0.067751, 0.058902, 0.037445]}, {"team": "Mineski", "probs": [0.038544, 0.192623, 0.249357, 0.141481, 0.145531, 0.070993, 0.066912, 0.05774, 0.036819]}, {"team": "OpTic Gaming", "probs": [0.035745, 0.232561, 0.267827, 0.139663, 0.134867, 0.060998, 0.055535, 0.046023, 0.026781]}, {"team": "Fnatic", "probs": [0.058977, 0.243306, 0.27154, 0.135969, 0.124914, 0.055547, 0.049326, 0.038823, 0.021598]}, {"team": "Vici Gaming", "probs": [0.051383, 0.261138, 0.272968, 0.132486, 0.121007, 0.054215, 0.048004, 0.038179, 0.02062]}, {"team": "Winstrike Team", "probs": [0.095674, 0.290807, 0.278964, 0.122779, 0.099507, 0.040989, 0.03418, 0.025024, 0.012076]}, {"team": "OG", "probs": [0.111182, 0.312381, 0.27847, 0.115283, 0.088139, 0.035525, 0.028904, 0.020454, 0.009662]}, {"team": "Newbee", "probs": [0.110076, 0.336724, 0.278431, 0.10893, 0.081909, 0.03201, 0.026061, 0.017703, 0.008156]}, {"team": "paiN Gaming", "probs": [0.169749, 0.378323, 0.265421, 0.086646, 0.054913, 0.01904, 0.013997, 0.008707, 0.003204]}, {"team": "VGJ.Thunder", "probs": [0.212641, 0.348137, 0.250358, 0.085214, 0.055396, 0.019824, 0.015013, 0.009579, 0.003838]}, {"team": "Invictus Gaming", "probs": [0.433184, 0.303426, 0.173878, 0.047325, 0.024991, 0.007877, 0.005444, 0.002871, 0.001004]}, {"team": "Team Serenity", "probs": [0.573145, 0.26123, 0.123714, 0.025777, 0.010729, 0.002775, 0.00164, 0.000784, 0.000206]}], "record": {"a": [{"team": "Team Liquid", "record_probs": [7e-06, 9.5e-05, 0.000477, 0.001777, 0.005203, 0.012718, 0.026776, 0.049634, 0.080876, 0.116804, 0.146594, 0.162991, 0.155327, 0.121891, 0.07635, 0.034223, 0.008257], "point_rank_probs": [[0.0, 0.0, 0.0, 0.0, 0.0, 0.0, 0.0, 0.0, 1.0], [0.0, 0.0, 0.0, 0.0, 0.0, 0.0, 0.0, 0.0, 1.0], [0.0, 0.0, 0.0, 0.0, 0.0, 0.0, 0.0, 0.12368973, 0.87631027], [0.0, 0.0, 0.0, 0.0, 0.0, 0.0, 0.00562746, 0.31007316, 0.68429938], [0.0, 0.0, 0.0, 0.0, 0.0, 0.00115318, 0.08129925, 0.5358447, 0.38170286], [0.0, 0.0, 0.0, 0.0, 0.00023589, 0.0339676, 0.30657336, 0.54324579, 0.11597735], [0.0, 0.0, 0.0, 0.00044816, 0.02192262, 0.22998207, 0.48599492, 0.24734837, 0.01430385], [0.0, 0.0, 0.00062457, 0.03070476, 0.20788169, 0.4544264, 0.27096345, 0.03519765, 0.00020147], [0.0, 0.00058114, 0.03331025, 0.265023, 0.42175676, 0.24549928, 0.03340917, 0.0004204, 0.0], [0.00052224, 0.03281566, 0.25068491, 0.48270607, 0.20621725, 0.02664292, 0.00041094, 0.0, 0.0], [0.02257255, 0.23374763, 0.47295251, 0.24708378, 0.02342524, 0.00021829, 0.0, 0.0, 0.0], [0.16268383, 0.50258603, 0.29721886, 0.03710021, 0.00041107, 0.0, 0.0, 0.0, 0.0], [0.46454255, 0.46286222, 0.07146214, 0.00113309, 0.0, 0.0, 0.0, 0.0, 0.0], [0.77068857, 0.22338811, 0.00590692, 1.641e-05, 0.0, 0.0, 0.0, 0.0, 0.0], [0.94307793, 0.05689587, 2.62e-05, 0.0, 0.0, 0.0, 0.0, 0.0, 0.0], [0.99596762, 0.00403238, 0.0, 0.0, 0.0, 0.0, 0.0, 0.0, 0.0], [1.0, 0.0, 0.0, 0.0, 0.0, 0.0, 0.0, 0.0, 0.0]]}, {"team": "PSG.LGD", "record_probs": [1.4e-05, 9.3e-05, 0.000544, 0.00199, 0.005884, 0.014181, 0.029073, 0.052304, 0.08395, 0.11914, 0.148265, 0.162005, 0.151602, 0.118072, 0.073232, 0.032083, 0.007568], "point_rank_probs": [[0.0, 0.0, 0.0, 0.0, 0.0, 0.0, 0.0, 0.0, 1.0], [0.0, 0.0, 0.0, 0.0, 0.0, 0.0, 0.0, 0.02150538, 0.97849462], [0.0, 0.0, 0.0, 0.0, 0.0, 0.0, 0.0, 0.07720588, 0.92279412], [0.0, 0.0, 0.0, 0.0, 0.0, 0.0, 0.0080402, 0.29246231, 0.69949749], [0.0, 0.0, 0.0, 0.0, 0.0, 0.00152957, 0.07817811, 0.5350102, 0.38528212], [0.0, 0.0, 0.0, 0.0, 0.00028207, 0.03511741, 0.3073126, 0.53825541, 0.11903251], [0.0, 0.0, 0.0, 0.00055034, 0.02077529, 0.22639562, 0.490971, 0.24624222, 0.01506552], [0.0, 0.0, 0.0004015, 0.03081982, 0.20696314, 0.46036632, 0.26598348, 0.03519807, 0.00026767], [0.0, 0.0006075, 0.03323407, 0.26399047, 0.42422871, 0.24289458, 0.03450864, 0.00053603, 0.0], [0.00048682, 0.03347322, 0.24975659, 0.481954, 0.20671479, 0.02716132, 0.00045325, 0.0, 0.0], [0.02143459, 0.23157859, 0.47655212, 0.24715206, 0.02286447, 0.00041817, 0.0, 0.0, 0.0], [0.16119256, 0.49939817, 0.30132403, 0.03765316, 0.00043209, 0.0, 0.0, 0.0, 0.0], [0.45974328, 0.46561391, 0.0734555, 0.00118732, 0.0, 0.0, 0.0, 0.0, 0.0], [0.76554983, 0.22880107, 0.00564063, 8.47e-06, 0.0, 0.0, 0.0, 0.0, 0.0], [0.94308499, 0.05687404, 4.097e-05, 0.0, 0.0, 0.0, 0.0, 0.0, 0.0], [0.99619736, 0.00380264, 0.0, 0.0, 0.0, 0.0, 0.0, 0.0, 0.0], [1.0, 0.0, 0.0, 0.0, 0.0, 0.0, 0.0, 0.0, 0.0]]}, {"team": "Evil Geniuses", "record_probs": [0.00023, 0.001585, 0.005995, 0.015371, 0.032186, 0.056629, 0.086139, 0.116592, 0.139501, 0.147742, 0.137579, 0.111649, 0.077701, 0.044237, 0.019681, 0.00615, 0.001033], "point_rank_probs": [[0.0, 0.0, 0.0, 0.0, 0.0, 0.0, 0.0, 0.0, 1.0], [0.0, 0.0, 0.0, 0.0, 0.0, 0.0, 0.0, 0.00820189, 0.99179811], [0.0, 0.0, 0.0, 0.0, 0.0, 0.0, 0.0, 0.09357798, 0.90642202], [0.0, 0.0, 0.0, 0.0, 0.0, 0.0, 0.00754668, 0.29776853, 0.6946848], [0.0, 0.0, 0.0, 0.0, 0.0, 0.00189523, 0.09258684, 0.53221898, 0.37329895], [0.0, 0.0, 0.0, 0.0, 0.00058274, 0.04178071, 0.33256812, 0.50829081, 0.11677762], [0.0, 0.0, 0.0, 0.0005108, 0.02896481, 0.25290519, 0.48411289, 0.21912258, 0.01438373], [0.0, 0.0, 0.00029162, 0.02813229, 0.22992144, 0.46352237, 0.24901365, 0.02893852, 0.00018012], [0.0, 0.00043727, 0.02696038, 0.23510226, 0.45528706, 0.24994086, 0.03179906, 0.00047311, 0.0], [0.00030459, 0.02415021, 0.22833047, 0.46902032, 0.2464702, 0.0311692, 0.00055502, 0.0, 0.0], [0.01598354, 0.20072831, 0.47409125, 0.27461313, 0.03398775, 0.00059602, 0.0, 0.0, 0.0], [0.13211045, 0.48279877, 0.33736979, 0.04688802, 0.00083297, 0.0, 0.0, 0.0, 0.0], [0.41449917, 0.49065006, 0.09289456, 0.00195622, 0.0, 0.0, 0.0, 0.0, 0.0], [0.73522165, 0.25605263, 0.00870312, 2.261e-05, 0.0, 0.0, 0.0, 0.0, 0.0], [0.93460698, 0.06534221, 5.081e-05, 0.0, 0.0, 0.0, 0.0, 0.0, 0.0], [0.99609756, 0.00390244, 0.0, 0.0, 0.0, 0.0, 0.0, 0.0, 0.0], [1.0, 0.0, 0.0, 0.0, 0.0, 0.0, 0.0, 0.0, 0.0]]}, {"team": "Mineski", "record_probs": [0.000266, 0.001628, 0.006003, 0.015867, 0.032835, 0.057858, 0.087949, 0.117126, 0.13975, 0.14726, 0.136164, 0.11056, 0.076592, 0.043754, 0.019321, 0.006072, 0.000995], "point_rank_probs": [[0.0, 0.0, 0.0, 0.0, 0.0, 0.0, 0.0, 0.0, 1.0], [0.0, 0.0, 0.0, 0.0, 0.0, 0.0, 0.0, 0.01167076, 0.98832924], [0.0, 0.0, 0.0, 0.0, 0.0, 0.0, 0.0, 0.09195402, 0.90804598], [0.0, 0.0, 0.0, 0.0, 0.0, 0.0, 0.01014685, 0.3039642, 0.68588895], [0.0, 0.0, 0.0, 0.0, 0.0, 0.00179686, 0.09389371, 0.53044008, 0.37386935], [0.0, 0.0, 0.0, 0.0, 0.00057036, 0.0404957, 0.33513084, 0.50682706, 0.11697604], [0.0, 0.0, 0.0, 0.00051166, 0.02831186, 0.25207791, 0.48670252, 0.21803545, 0.0143606], [0.0, 0.0, 0.00044397, 0.02797842, 0.22740468, 0.46520841, 0.24956884, 0.02915663, 0.00023906], [0.0, 0.00042934, 0.02686225, 0.23500537, 0.45444007, 0.25100537, 0.03169231, 0.0005653, 0.0], [0.00035312, 0.02475893, 0.22562814, 0.46927204, 0.24767758, 0.03175336, 0.00055684, 0.0, 0.0], [0.01659029, 0.20318146, 0.47605094, 0.27011545, 0.03349637, 0.00056549, 0.0, 0.0, 0.0], [0.13194645, 0.48009226, 0.33949891, 0.04769356, 0.00076881, 0.0, 0.0, 0.0, 0.0], [0.41565699, 0.48981617, 0.0926337, 0.00189315, 0.0, 0.0, 0.0, 0.0, 0.0], [0.72996755, 0.26191891, 0.00811354, 0.0, 0.0, 0.0, 0.0, 0.0, 0.0], [0.93131825, 0.06862999, 5.176e-05, 0.0, 0.0, 0.0, 0.0, 0.0, 0.0], [0.9948946, 0.0051054, 0.0, 0.0, 0.0, 0.0, 0.0, 0.0, 0.0], [1.0, 0.0, 0.0, 0.0, 0.0, 0.0, 0.0, 0.0, 0.0]]}, {"team": "Fnatic", "record_probs": [0.000509, 0.003262, 0.010462, 0.025276, 0.049128, 0.07899, 0.110296, 0.135266, 0.146341, 0.140466, 0.117999, 0.086862, 0.053407, 0.027532, 0.010721, 0.003064, 0.000419], "point_rank_probs": [[0.0, 0.0, 0.0, 0.0, 0.0, 0.0, 0.0, 0.0, 1.0], [0.0, 0.0, 0.0, 0.0, 0.0, 0.0, 0.0, 0.00674433, 0.99325567], [0.0, 0.0, 0.0, 0.0, 0.0, 0.0, 0.00019117, 0.09615752, 0.90365131], [0.0, 0.0, 0.0, 0.0, 0.0, 0.0, 0.0091391, 0.31211426, 0.67874664], [0.0, 0.0, 0.0, 0.0, 0.0, 0.00227976, 0.09876242, 0.53279189, 0.36616593], [0.0, 0.0, 0.0, 0.0, 0.00072161, 0.04447398, 0.34195468, 0.49784783, 0.1150019], [0.0, 0.0, 0.0, 0.00039893, 0.02816059, 0.25730761, 0.48785994, 0.21262784, 0.0136451], [0.0, 0.0, 0.00036225, 0.02482516, 0.22474236, 0.47028817, 0.25129005, 0.02819629, 0.00029571], [0.0, 0.00035533, 0.02427891, 0.21768336, 0.46511231, 0.25864249, 0.03347661, 0.000451, 0.0], [0.00027053, 0.02278131, 0.21429385, 0.45787593, 0.26933208, 0.03491948, 0.00052682, 0.0, 0.0], [0.0161442, 0.19878135, 0.47002093, 0.27513792, 0.03927999, 0.0006356, 0.0, 0.0, 0.0], [0.13534112, 0.4767217, 0.33838733, 0.04842163, 0.00112823, 0.0, 0.0, 0.0, 0.0], [0.42771547, 0.48212781, 0.08805962, 0.0020971, 0.0, 0.0, 0.0, 0.0, 0.0], [0.74782072, 0.24411594, 0.00806334, 0.0, 0.0, 0.0, 0.0, 0.0, 0.0], [0.94067718, 0.05932282, 0.0, 0.0, 0.0, 0.0, 0.0, 0.0, 0.0], [0.99379896, 0.00620104, 0.0, 0.0, 0.0, 0.0, 0.0, 0.0, 0.0], [1.0, 0.0, 0.0, 0.0, 0.0, 0.0, 0.0, 0.0, 0.0]]}, {"team": "Winstrike Team", "record_probs": [0.00121, 0.006675, 0.019851, 0.041769, 0.071672, 0.104307, 0.130698, 0.144356, 0.14115, 0.122437, 0.09385, 0.06251, 0.035303, 0.016385, 0.006094, 0.001532, 0.000201], "point_rank_probs": [[0.0, 0.0, 0.0, 0.0, 0.0, 0.0, 0.0, 0.0, 1.0], [0.0, 0.0, 0.0, 0.0, 0.0, 0.0, 0.0, 0.00883895, 0.99116105], [0.0, 0.0, 0.0, 0.0, 0.0, 0.0, 0.0, 0.09601531, 0.90398469], [0.0, 0.0, 0.0, 0.0, 0.0, 0.0, 0.00967224, 0.30204218, 0.68828557], [0.0, 0.0, 0.0, 0.0, 0.0, 0.00160453, 0.09667653, 0.52860252, 0.37311642], [0.0, 0.0, 0.0, 0.0, 0.00056564, 0.04247078, 0.34031273, 0.49766554, 0.1189853], [0.0, 0.0, 0.0, 0.00042082, 0.02629727, 0.25024101, 0.49131586, 0.21686636, 0.01485868], [0.0, 0.0, 0.00025631, 0.02140541, 0.21815512, 0.4710161, 0.25766161, 0.03109673, 0.00040871], [0.0, 0.0002763, 0.02162947, 0.20393907, 0.46806235, 0.26986185, 0.03568544, 0.00054552, 0.0], [0.00020419, 0.02241969, 0.21025507, 0.44657252, 0.28118951, 0.03868112, 0.0006779, 0.0, 0.0], [0.01724028, 0.20049014, 0.46313266, 0.27604688, 0.04216303, 0.00092701, 0.0, 0.0, 0.0], [0.13808991, 0.48193889, 0.33181891, 0.04700048, 0.00115182, 0.0, 0.0, 0.0, 0.0], [0.43019007, 0.47984591, 0.08834943, 0.00161459, 0.0, 0.0, 0.0, 0.0, 0.0], [0.75245652, 0.23838877, 0.00915471, 0.0, 0.0, 0.0, 0.0, 0.0, 0.0], [0.9371513, 0.0628487, 0.0, 0.0, 0.0, 0.0, 0.0, 0.0, 0.0], [0.99412533, 0.00587467, 0.0, 0.0, 0.0, 0.0, 0.0, 0.0, 0.0], [1.0, 0.0, 0.0, 0.0, 0.0, 0.0, 0.0, 0.0, 0.0]]}, {"team": "OG", "record_probs": [0.001604, 0.008405, 0.024433, 0.050636, 0.083819, 0.115496, 0.13868, 0.145851, 0.135432, 0.112449, 0.082312, 0.052558, 0.029029, 0.013282, 0.004706, 0.001167, 0.000141], "point_rank_probs": [[0.0, 0.0, 0.0, 0.0, 0.0, 0.0, 0.0, 0.0, 1.0], [0.0, 0.0, 0.0, 0.0, 0.0, 0.0, 0.0, 0.00939917, 0.99060083], [0.0, 0.0, 0.0, 0.0, 0.0, 0.0, 8.186e-05, 0.10326198, 0.89665616], [0.0, 0.0, 0.0, 0.0, 0.0, 0.0, 0.01100008, 0.32083893, 0.66816099], [0.0, 0.0, 0.0, 0.0, 0.0, 0.00192081, 0.10089598, 0.53640583, 0.36077739], [0.0, 0.0, 0.0, 0.0, 0.00055413, 0.04227852, 0.34372619, 0.49880515, 0.114636], [0.0, 0.0, 0.0, 0.00031007, 0.02549755, 0.24771416, 0.49419527, 0.21787569, 0.01440727], [0.0, 0.0, 0.00021255, 0.02125457, 0.21371125, 0.4696711, 0.26514731, 0.02977696, 0.00022626], [0.0, 0.00028797, 0.02204058, 0.1988821, 0.46644811, 0.27451415, 0.03713303, 0.00069408, 0.0], [0.00035572, 0.02401978, 0.211029, 0.44007506, 0.28441338, 0.03929782, 0.00080926, 0.0, 0.0], [0.01784673, 0.20419866, 0.4691904, 0.26601225, 0.04207163, 0.00068034, 0.0, 0.0, 0.0], [0.14747517, 0.48875528, 0.31983713, 0.04280985, 0.00112257, 0.0, 0.0, 0.0, 0.0], [0.4484481, 0.47163182, 0.07847325, 0.00144683, 0.0, 0.0, 0.0, 0.0, 0.0], [0.7741304, 0.21984641, 0.00602319, 0.0, 0.0, 0.0, 0.0, 0.0, 0.0], [0.94262643, 0.05716107, 0.00021249, 0.0, 0.0, 0.0, 0.0, 0.0, 0.0], [0.99742931, 0.00257069, 0.0, 0.0, 0.0, 0.0, 0.0, 0.0, 0.0], [1.0, 0.0, 0.0, 0.0, 0.0, 0.0, 0.0, 0.0, 0.0]]}, {"team": "VGJ.Thunder", "record_probs": [0.005802, 0.023876, 0.054335, 0.09148, 0.123335, 0.143085, 0.144889, 0.130986, 0.106044, 0.076852, 0.049527, 0.028, 0.013969, 0.005539, 0.001797, 0.000428, 5.6e-05], "point_rank_probs": [[0.0, 0.0, 0.0, 0.0, 0.0, 0.0, 0.0, 0.0, 1.0], [0.0, 0.0, 0.0, 0.0, 0.0, 0.0, 0.0, 0.00925616, 0.99074384], [0.0, 0.0, 0.0, 0.0, 0.0, 0.0, 9.202e-05, 0.09629152, 0.90361645], [0.0, 0.0, 0.0, 0.0, 0.0, 1.093e-05, 0.00813293, 0.30158505, 0.6902711], [0.0, 0.0, 0.0, 0.0, 0.0, 0.00124863, 0.08375562, 0.52030648, 0.39468926], [0.0, 0.0, 0.0, 0.0, 0.00044729, 0.0364888, 0.31180767, 0.51533005, 0.1359262], [0.0, 0.0, 0.0, 0.00020706, 0.023694, 0.23067314, 0.48691067, 0.23950058, 0.01901456], [0.0, 0.0, 0.0002214, 0.01807063, 0.20815202, 0.46173637, 0.27549509, 0.03588933, 0.00043516], [0.0, 0.00033948, 0.02204745, 0.19006262, 0.47411452, 0.27239636, 0.04030402, 0.00073554, 0.0], [0.0003253, 0.0261932, 0.22070994, 0.42793942, 0.28485921, 0.03921824, 0.0007547, 0.0, 0.0], [0.02006986, 0.21975892, 0.47093505, 0.24820805, 0.04026087, 0.00076726, 0.0, 0.0, 0.0], [0.15964286, 0.49678571, 0.30414286, 0.03860714, 0.00082143, 0.0, 0.0, 0.0, 0.0], [0.46603193, 0.45958909, 0.07287565, 0.00150333, 0.0, 0.0, 0.0, 0.0, 0.0], [0.78028525, 0.21447915, 0.0052356, 0.0, 0.0, 0.0, 0.0, 0.0, 0.0], [0.94379521, 0.05620479, 0.0, 0.0, 0.0, 0.0, 0.0, 0.0, 0.0], [0.99299065, 0.00700935, 0.0, 0.0, 0.0, 0.0, 0.0, 0.0, 0.0], [1.0, 0.0, 0.0, 0.0, 0.0, 0.0, 0.0, 0.0, 0.0]]}, {"team": "Invictus Gaming", "record_probs": [0.023453, 0.06883, 0.115775, 0.148204, 0.156751, 0.145025, 0.119604, 0.089082, 0.060096, 0.036877, 0.020226, 0.009844, 0.004197, 0.001543, 0.000413, 7.5e-05, 5e-06], "point_rank_probs": [[0.0, 0.0, 0.0, 0.0, 0.0, 0.0, 0.0, 0.0, 1.0], [0.0, 0.0, 0.0, 0.0, 0.0, 0.0, 0.0, 0.00319628, 0.99680372], [0.0, 0.0, 0.0, 0.0, 0.0, 0.0, 2.591e-05, 0.04957892, 0.95039516], [0.0, 0.0, 0.0, 0.0, 0.0, 0.0, 0.00429138, 0.19807832, 0.79763029], [0.0, 0.0, 0.0, 0.0, 0.0, 0.00101435, 0.06376993, 0.42637687, 0.50883886], [0.0, 0.0, 0.0, 0.0, 0.00039304, 0.03076711, 0.27729012, 0.49134287, 0.20020686], [0.0, 0.0, 0.0, 0.00022574, 0.02352764, 0.22164811, 0.46711648, 0.25406341, 0.03341861], [0.0, 0.0, 0.00025819, 0.01833142, 0.22105476, 0.46126041, 0.26138838, 0.03676388, 0.00094295], [0.0, 0.00023296, 0.02519302, 0.19247537, 0.48650493, 0.25871938, 0.03612553, 0.0007488, 0.0], [0.00081352, 0.03294737, 0.24519348, 0.42194322, 0.26770073, 0.03088646, 0.00051523, 0.0, 0.0], [0.02625334, 0.25046969, 0.46989024, 0.22006328, 0.03292791, 0.00039553, 0.0, 0.0, 0.0], [0.17442097, 0.51076798, 0.28159285, 0.0326087, 0.00060951, 0.0, 0.0, 0.0, 0.0], [0.47724565, 0.45437217, 0.06790565, 0.00047653, 0.0, 0.0, 0.0, 0.0, 0.0], [0.77705768, 0.21970188, 0.00324044, 0.0, 0.0, 0.0, 0.0, 0.0, 0.0], [0.95399516, 0.04600484, 0.0, 0.0, 0.0, 0.0, 0.0, 0.0, 0.0], [1.0, 0.0, 0.0, 0.0, 0.0, 0.0, 0.0, 0.0, 0.0], [1.0, 0.0, 0.0, 0.0, 0.0, 0.0, 0.0, 0.0, 0.0]]}], "b": [{"team": "Virtus.pro", "record_probs": [3e-06, 1e-05, 5e-05, 0.000247, 0.000957, 0.002935, 0.007815, 0.018509, 0.037549, 0.068684, 0.10837, 0.150508, 0.179728, 0.179414, 0.141026, 0.079852, 0.024343], "point_rank_probs": [[0.0, 0.0, 0.0, 0.0, 0.0, 0.0, 0.0, 0.0, 1.0], [0.0, 0.0, 0.0, 0.0, 0.0, 0.0, 0.0, 0.0, 1.0], [0.0, 0.0, 0.0, 0.0, 0.0, 0.0, 0.0, 0.14, 0.86], [0.0, 0.0, 0.0, 0.0, 0.0, 0.0, 0.0, 0.34412955, 0.65587045], [0.0, 0.0, 0.0, 0.0, 0.0, 0.0031348, 0.08881923, 0.61442006, 0.29362591], [0.0, 0.0, 0.0, 0.0, 0.0, 0.03850085, 0.32163543, 0.53833049, 0.10153322], [0.0, 0.0, 0.0, 0.00012796, 0.01868202, 0.22060141, 0.49174664, 0.25758157, 0.0112604], [0.0, 0.0, 0.00027014, 0.02663569, 0.17791345, 0.46955535, 0.2858069, 0.03954833, 0.00027014], [0.0, 0.00069243, 0.02735093, 0.24099177, 0.40911875, 0.27793017, 0.04325015, 0.0006658, 0.0], [0.00048046, 0.02788131, 0.22948576, 0.49564673, 0.21491177, 0.03108439, 0.00050958, 0.0, 0.0], [0.02211867, 0.2155209, 0.46794316, 0.26977946, 0.02420412, 0.0004337, 0.0, 0.0, 0.0], [0.16737316, 0.49097722, 0.3004425, 0.04074202, 0.00046509, 0.0, 0.0, 0.0, 0.0], [0.48798184, 0.44282471, 0.06800832, 0.00118512, 0.0, 0.0, 0.0, 0.0, 0.0], [0.79451436, 0.2005975, 0.00488814, 0.0, 0.0, 0.0, 0.0, 0.0, 0.0], [0.95354757, 0.04644534, 7.09e-06, 0.0, 0.0, 0.0, 0.0, 0.0, 0.0], [0.99720733, 0.00279267, 0.0, 0.0, 0.0, 0.0, 0.0, 0.0, 0.0], [1.0, 0.0, 0.0, 0.0, 0.0, 0.0, 0.0, 0.0, 0.0]]}, {"team": "Team Secret", "record_probs": [4.5e-05, 0.000301, 0.001544, 0.00514, 0.013879, 0.029236, 0.053866, 0.085833, 0.12104, 0.148137, 0.158184, 0.145741, 0.113969, 0.072764, 0.035695, 0.012371, 0.002255], "point_rank_probs": [[0.0, 0.0, 0.0, 0.0, 0.0, 0.0, 0.0, 0.0, 1.0], [0.0, 0.0, 0.0, 0.0, 0.0, 0.0, 0.0, 0.00996678, 0.99003322], [0.0, 0.0, 0.0, 0.0, 0.0, 0.0, 0.0, 0.15284974, 0.84715026], [0.0, 0.0, 0.0, 0.0, 0.0, 0.0, 0.01322957, 0.37957198, 0.60719844], [0.0, 0.0, 0.0, 0.0, 0.0, 0.00180128, 0.11182362, 0.59723323, 0.28914187], [0.0, 0.0, 0.0, 0.0, 0.00061568, 0.04730469, 0.36629498, 0.51176632, 0.07401833], [0.0, 0.0, 0.0, 0.00064976, 0.02753128, 0.26049827, 0.49983292, 0.20421045, 0.00727732], [0.0, 0.0, 0.00047767, 0.03002342, 0.22447077, 0.47249892, 0.24721261, 0.02518845, 0.00012816], [0.0, 0.00036352, 0.02652842, 0.24407634, 0.44458857, 0.25124752, 0.03266689, 0.00052875, 0.0], [0.00016876, 0.02360653, 0.22483242, 0.4797181, 0.23945402, 0.03175439, 0.00046579, 0.0, 0.0], [0.01062054, 0.19285136, 0.4815152, 0.28172255, 0.03272771, 0.00056264, 0.0, 0.0, 0.0], [0.0986476, 0.49179709, 0.35815591, 0.05059661, 0.00080279, 0.0, 0.0, 0.0, 0.0], [0.34932306, 0.54689433, 0.10157148, 0.00221113, 0.0, 0.0, 0.0, 0.0, 0.0], [0.66684075, 0.32355286, 0.0096064, 0.0, 0.0, 0.0, 0.0, 0.0, 0.0], [0.90186301, 0.09810898, 2.802e-05, 0.0, 0.0, 0.0, 0.0, 0.0, 0.0], [0.99029989, 0.00970011, 0.0, 0.0, 0.0, 0.0, 0.0, 0.0, 0.0], [1.0, 0.0, 0.0, 0.0, 0.0, 0.0, 0.0, 0.0, 0.0]]}, {"team": "TNC Predator", "record_probs": [0.000131, 0.001137, 0.004335, 0.012193, 0.027598, 0.051031, 0.082213, 0.113734, 0.139616, 0.151235, 0.144081, 0.117857, 0.080842, 0.046377, 0.020398, 0.00621, 0.001012], "point_rank_probs": [[0.0, 0.0, 0.0, 0.0, 0.0, 0.0, 0.0, 0.0, 1.0], [0.0, 0.0, 0.0, 0.0, 0.0, 0.0, 0.0, 0.02022867, 0.97977133], [0.0, 0.0, 0.0, 0.0, 0.0, 0.0, 0.0, 0.15524798, 0.84475202], [0.0, 0.0, 0.0, 0.0, 0.0, 0.0, 0.01443451, 0.40186993, 0.58369556], [0.0, 0.0, 0.0, 0.0, 0.0, 0.00202913, 0.12080586, 0.60076817, 0.27639684], [0.0, 0.0, 0.0, 0.0, 0.00082303, 0.04753973, 0.37536008, 0.50392898, 0.07234818], [0.0, 0.0, 0.0, 0.00051087, 0.02865727, 0.2675246, 0.49928843, 0.19696398, 0.00705485], [0.0, 0.0, 0.00029015, 0.02713349, 0.22478766, 0.47383368, 0.2490636, 0.02482107, 7.034e-05], [0.0, 0.00025069, 0.02465333, 0.22638523, 0.45754068, 0.25820823, 0.03248195, 0.00047989, 0.0], [0.00020498, 0.02135088, 0.2116838, 0.46956723, 0.26185737, 0.03479353, 0.0005422, 0.0, 0.0], [0.00920316, 0.17869115, 0.47963298, 0.29225922, 0.03964437, 0.00056912, 0.0, 0.0, 0.0], [0.09578557, 0.47969149, 0.36810711, 0.05552492, 0.00089091, 0.0, 0.0, 0.0, 0.0], [0.34581035, 0.5426511, 0.10920066, 0.00233789, 0.0, 0.0, 0.0, 0.0, 0.0], [0.67309227, 0.31580309, 0.01110464, 0.0, 0.0, 0.0, 0.0, 0.0, 0.0], [0.90626532, 0.09358761, 0.00014707, 0.0, 0.0, 0.0, 0.0, 0.0, 0.0], [0.99243156, 0.00756844, 0.0, 0.0, 0.0, 0.0, 0.0, 0.0, 0.0], [1.0, 0.0, 0.0, 0.0, 0.0, 0.0, 0.0, 0.0, 0.0]]}, {"team": "VGJ.Storm", "record_probs": [0.000146, 0.001081, 0.004406, 0.012364, 0.028039, 0.052368, 0.083098, 0.115493, 0.141662, 0.151597, 0.142564, 0.115913, 0.079754, 0.045304, 0.019443, 0.005834, 0.000934], "point_rank_probs": [[0.0, 0.0, 0.0, 0.0, 0.0, 0.0, 0.0, 0.0, 1.0], [0.0, 0.0, 0.0, 0.0, 0.0, 0.0, 0.0, 0.02497687, 0.97502313], [0.0, 0.0, 0.0, 0.0, 0.0, 0.0, 0.00022696, 0.15478892, 0.84498411], [0.0, 0.0, 0.0, 0.0, 0.0, 0.0, 0.0137496, 0.41200259, 0.57424782], [0.0, 0.0, 0.0, 0.0, 0.0, 0.00196155, 0.12247227, 0.60761796, 0.26794821], [0.0, 0.0, 0.0, 0.0, 0.00072563, 0.05022151, 0.37954476, 0.50015277, 0.06935533], [0.0, 0.0, 0.0, 0.00042119, 0.02870105, 0.27027125, 0.50083034, 0.19313341, 0.00664276], [0.0, 0.0, 0.00048488, 0.02720511, 0.22507858, 0.47857446, 0.24385894, 0.02472877, 6.927e-05], [0.0, 0.00037413, 0.02421256, 0.22746396, 0.45582443, 0.2584744, 0.03326933, 0.00038119, 0.0], [0.00019789, 0.02066004, 0.21078254, 0.46818868, 0.26439837, 0.03523157, 0.00054091, 0.0, 0.0], [0.00912573, 0.18254959, 0.47817822, 0.28967341, 0.03983474, 0.00063831, 0.0, 0.0, 0.0], [0.09769396, 0.48295705, 0.36461829, 0.05375583, 0.00097487, 0.0, 0.0, 0.0, 0.0], [0.34654061, 0.54429872, 0.10691627, 0.0022444, 0.0, 0.0, 0.0, 0.0, 0.0], [0.67362705, 0.31646212, 0.00991082, 0.0, 0.0, 0.0, 0.0, 0.0, 0.0], [0.90418145, 0.09556138, 0.00025716, 0.0, 0.0, 0.0, 0.0, 0.0, 0.0], [0.99160096, 0.00839904, 0.0, 0.0, 0.0, 0.0, 0.0, 0.0, 0.0], [1.0, 0.0, 0.0, 0.0, 0.0, 0.0, 0.0, 0.0, 0.0]]}, {"team": "OpTic Gaming", "record_probs": [0.000257, 0.001859, 0.007098, 0.019652, 0.04057, 0.071059, 0.10506, 0.134717, 0.151085, 0.147819, 0.126152, 0.092712, 0.057118, 0.029488, 0.011642, 0.003242, 0.00047], "point_rank_probs": [[0.0, 0.0, 0.0, 0.0, 0.0, 0.0, 0.0, 0.0, 1.0], [0.0, 0.0, 0.0, 0.0, 0.0, 0.0, 0.0, 0.01452394, 0.98547606], [0.0, 0.0, 0.0, 0.0, 0.0, 0.0, 0.00014088, 0.15835447, 0.84150465], [0.0, 0.0, 0.0, 0.0, 0.0, 0.0, 0.01587625, 0.41334215, 0.5707816], [0.0, 0.0, 0.0, 0.0, 0.0, 0.00283461, 0.13039192, 0.59911264, 0.26766083], [0.0, 0.0, 0.0, 0.0, 0.00081622, 0.05149242, 0.39136492, 0.48781998, 0.06850645], [0.0, 0.0, 0.0, 0.00039977, 0.02975443, 0.27597563, 0.49940034, 0.18759756, 0.00687226], [0.0, 0.0, 0.0003563, 0.02470364, 0.22526481, 0.47889279, 0.24636831, 0.02428795, 0.00012619], [0.0, 0.00029785, 0.02193467, 0.21129166, 0.46716749, 0.26493696, 0.0338485, 0.00052288, 0.0], [0.00014207, 0.01857001, 0.19954133, 0.46146301, 0.28141173, 0.03824272, 0.00062915, 0.0, 0.0], [0.00995624, 0.17668368, 0.46901357, 0.29817205, 0.04527871, 0.00089574, 0.0, 0.0, 0.0], [0.10155104, 0.47550479, 0.36562689, 0.05617396, 0.00114333, 0.0, 0.0, 0.0, 0.0], [0.36193494, 0.52818726, 0.10737421, 0.00250359, 0.0, 0.0, 0.0, 0.0, 0.0], [0.69194249, 0.29927428, 0.00878323, 0.0, 0.0, 0.0, 0.0, 0.0, 0.0], [0.9121285, 0.0877856, 8.59e-05, 0.0, 0.0, 0.0, 0.0, 0.0, 0.0], [0.99198026, 0.00801974, 0.0, 0.0, 0.0, 0.0, 0.0, 0.0, 0.0], [1.0, 0.0, 0.0, 0.0, 0.0, 0.0, 0.0, 0.0, 0.0]]}, {"team": "Vici Gaming", "record_probs": [0.000552, 0.003514, 0.011531, 0.027768, 0.053153, 0.085202, 0.117066, 0.139833, 0.147165, 0.137303, 0.112498, 0.07981, 0.048592, 0.024097, 0.009123, 0.002441, 0.000352], "point_rank_probs": [[0.0, 0.0, 0.0, 0.0, 0.0, 0.0, 0.0, 0.0, 1.0], [0.0, 0.0, 0.0, 0.0, 0.0, 0.0, 0.0, 0.02105862, 0.97894138], [0.0, 0.0, 0.0, 0.0, 0.0, 0.0, 0.00052034, 0.15506027, 0.84441939], [0.0, 0.0, 0.0, 0.0, 0.0, 0.0, 0.01638577, 0.40164938, 0.58196485], [0.0, 0.0, 0.0, 0.0, 0.0, 0.00244577, 0.13009614, 0.59603409, 0.271424], [0.0, 0.0, 0.0, 0.0, 0.00063379, 0.05074998, 0.39008474, 0.48609188, 0.07243961], [0.0, 0.0, 0.0, 0.00041857, 0.02775357, 0.26726804, 0.50528762, 0.19180633, 0.00746587], [0.0, 0.0, 0.00025745, 0.02177598, 0.21956906, 0.479758, 0.25428904, 0.0242003, 0.00015018], [0.0, 0.00025821, 0.02026297, 0.20297625, 0.46320796, 0.27620018, 0.03653722, 0.0005572, 0.0], [0.00012381, 0.01928581, 0.19971159, 0.45154876, 0.2870367, 0.04147032, 0.000823, 0.0, 0.0], [0.01003573, 0.1768387, 0.4725684, 0.29452968, 0.04508525, 0.00094224, 0.0, 0.0, 0.0], [0.10013783, 0.47843629, 0.36619471, 0.05409097, 0.00114021, 0.0, 0.0, 0.0, 0.0], [0.35789842, 0.53632285, 0.10320629, 0.00257244, 0.0, 0.0, 0.0, 0.0, 0.0], [0.67701374, 0.31227954, 0.01070673, 0.0, 0.0, 0.0, 0.0, 0.0, 0.0], [0.90474625, 0.09503453, 0.00021923, 0.0, 0.0, 0.0, 0.0, 0.0, 0.0], [0.99303564, 0.00696436, 0.0, 0.0, 0.0, 0.0, 0.0, 0.0, 0.0], [1.0, 0.0, 0.0, 0.0, 0.0, 0.0, 0.0, 0.0, 0.0]]}, {"team": "Newbee", "record_probs": [0.002195, 0.011027, 0.030135, 0.05978, 0.093142, 0.12411, 0.142468, 0.145054, 0.130779, 0.104571, 0.073859, 0.044997, 0.023696, 0.010009, 0.003366, 0.000718, 9.4e-05], "point_rank_probs": [[0.0, 0.0, 0.0, 0.0, 0.0, 0.0, 0.0, 0.0, 1.0], [0.0, 0.0, 0.0, 0.0, 0.0, 0.0, 0.0, 0.02094858, 0.97905142], [0.0, 0.0, 0.0, 0.0, 0.0, 0.0, 0.0001991, 0.15888502, 0.84091588], [0.0, 0.0, 0.0, 0.0, 0.0, 0.0, 0.01462027, 0.40904985, 0.57632988], [0.0, 0.0, 0.0, 0.0, 0.0, 0.00197548, 0.11874342, 0.59767881, 0.28160228], [0.0, 0.0, 0.0, 0.0, 0.00065265, 0.04281686, 0.37247603, 0.50509226, 0.07896221], [0.0, 0.0, 0.0, 0.00022461, 0.02463711, 0.25061768, 0.50980571, 0.20601819, 0.00869669], [0.0, 0.0, 0.00029644, 0.01700746, 0.20844651, 0.47640879, 0.26916183, 0.02852041, 0.00015856], [0.0, 0.00025233, 0.01890212, 0.18273576, 0.46889027, 0.28771439, 0.04084754, 0.0006576, 0.0], [0.00015301, 0.01791128, 0.19439424, 0.43741573, 0.30389879, 0.04527068, 0.00094673, 9.56e-06, 0.0], [0.01092622, 0.18467621, 0.46699793, 0.287927, 0.04867382, 0.00079882, 0.0, 0.0, 0.0], [0.10862946, 0.48398782, 0.3553348, 0.05075894, 0.00128897, 0.0, 0.0, 0.0, 0.0], [0.38111918, 0.51797772, 0.09887745, 0.00202566, 0.0, 0.0, 0.0, 0.0, 0.0], [0.69817165, 0.29173744, 0.01009092, 0.0, 0.0, 0.0, 0.0, 0.0, 0.0], [0.91146762, 0.08853238, 0.0, 0.0, 0.0, 0.0, 0.0, 0.0, 0.0], [0.99442897, 0.00557103, 0.0, 0.0, 0.0, 0.0, 0.0, 0.0, 0.0], [1.0, 0.0, 0.0, 0.0, 0.0, 0.0, 0.0, 0.0, 0.0]]}, {"team": "paiN Gaming", "record_probs": [0.004653, 0.020808, 0.051159, 0.090058, 0.125992, 0.148242, 0.150412, 0.135094, 0.107664, 0.075644, 0.047086, 0.02558, 0.01159, 0.00444, 0.0013, 0.000248, 3e-05], "point_rank_probs": [[0.0, 0.0, 0.0, 0.0, 0.0, 0.0, 0.0, 0.0, 1.0], [0.0, 0.0, 0.0, 0.0, 0.0, 0.0, 0.0, 0.02004037, 0.97995963], [0.0, 0.0, 0.0, 0.0, 0.0, 0.0, 0.00017592, 0.16655916, 0.83326492], [0.0, 0.0, 0.0, 0.0, 0.0, 0.0, 0.01168136, 0.41594306, 0.57237558], [0.0, 0.0, 0.0, 0.0, 0.0, 0.00183345, 0.10545114, 0.60581624, 0.28689917], [0.0, 0.0, 0.0, 0.0, 0.00041149, 0.03933433, 0.34932745, 0.52445326, 0.08647347], [0.0, 0.0, 0.0, 0.00015956, 0.02284392, 0.23719517, 0.5047802, 0.22482914, 0.01019201], [0.0, 0.0, 0.00025168, 0.01626275, 0.20453166, 0.46980621, 0.27533421, 0.03359143, 0.00022207], [0.0, 0.00034366, 0.01880852, 0.17201664, 0.47815426, 0.28743127, 0.04239114, 0.00085451, 0.0], [0.00021152, 0.0206758, 0.20053144, 0.4266961, 0.30701708, 0.0436915, 0.00117656, 0.0, 0.0], [0.01250903, 0.19385805, 0.47370768, 0.27281995, 0.0461496, 0.0009557, 0.0, 0.0, 0.0], [0.11548084, 0.49354965, 0.34308053, 0.04644253, 0.00144644, 0.0, 0.0, 0.0, 0.0], [0.40301984, 0.50362381, 0.09154443, 0.00181191, 0.0, 0.0, 0.0, 0.0, 0.0], [0.71058559, 0.28153153, 0.00788288, 0.0, 0.0, 0.0, 0.0, 0.0, 0.0], [0.92615385, 0.07384615, 0.0, 0.0, 0.0, 0.0, 0.0, 0.0, 0.0], [0.99193548, 0.00806452, 0.0, 0.0, 0.0, 0.0, 0.0, 0.0, 0.0], [1.0, 0.0, 0.0, 0.0, 0.0, 0.0, 0.0, 0.0, 0.0]]}, {"team": "Team Serenity", "record_probs": [0.046217, 0.115568, 0.167119, 0.181164, 0.161808, 0.126369, 0.08747, 0.055193, 0.031108, 0.015923, 0.007496, 0.003074, 0.001103, 0.000307, 7.1e-05, 1e-05, 0.0], "point_rank_probs": [[0.0, 0.0, 0.0, 0.0, 0.0, 0.0, 0.0, 0.0, 1.0], [0.0, 0.0, 0.0, 0.0, 0.0, 0.0, 0.0, 0.00330541, 0.99669459], [0.0, 0.0, 0.0, 0.0, 0.0, 0.0, 1.197e-05, 0.05072433, 0.9492637], [0.0, 0.0, 0.0, 0.0, 0.0, 0.0, 0.00487404, 0.2033075, 0.79181846], [0.0, 0.0, 0.0, 0.0, 0.0, 0.00114333, 0.06713512, 0.42559082, 0.50613072], [0.0, 0.0, 0.0, 0.0, 0.00040358, 0.03333096, 0.28988122, 0.4794372, 0.19694704], [0.0, 0.0, 0.0, 0.00012576, 0.02608894, 0.23299417, 0.47248199, 0.23600091, 0.03230822], [0.0, 0.0, 0.00036236, 0.01715797, 0.23100756, 0.46467849, 0.251916, 0.03409853, 0.00077908], [0.0, 0.00028931, 0.0261669, 0.18262183, 0.50131799, 0.25504693, 0.03410698, 0.00045005, 0.0], [0.00050242, 0.03353639, 0.24769202, 0.41078942, 0.27601583, 0.03033348, 0.00113044, 0.0, 0.0], [0.02241195, 0.25080043, 0.46624867, 0.22078442, 0.03948773, 0.00026681, 0.0, 0.0, 0.0], [0.18054652, 0.50813273, 0.28106701, 0.02960312, 0.00065062, 0.0, 0.0, 0.0, 0.0], [0.47325476, 0.46872167, 0.05621034, 0.00181324, 0.0, 0.0, 0.0, 0.0, 0.0], [0.76547231, 0.2247557, 0.00977199, 0.0, 0.0, 0.0, 0.0, 0.0, 0.0], [0.87323944, 0.12676056, 0.0, 0.0, 0.0, 0.0, 0.0, 0.0, 0.0], [1.0, 0.0, 0.0, 0.0, 0.0, 0.0, 0.0, 0.0, 0.0], [0.0, 0.0, 0.0, 0.0, 0.0, 0.0, 0.0, 0.0, 0.0]]}]}, "tiebreak": {"a": {"3": [0.2000720000001794, 0.11516700000009451, 0.029244000000008593, 0.004003000000000207, 0.00023999999999999944, 1.3000000000000003e-05, 0, 0], "7": [0.1592560000001386, 0.027458000000006807, 0.00402700000000021, 0.0004600000000000047, 0, 0, 0, 0]}, "b": {"3": [0.2008640000001802, 0.11079000000009014, 0.026874000000006223, 0.0032320000000001046, 0.0001859999999999996, 5.999999999999999e-06, 1e-06, 0], "7": [0.14628200000012562, 0.02259000000000194, 0.0029920000000000727, 0.0003530000000000021, 0, 0, 0, 0]}}, "matches": {"a": [[{"teams": ["Team Liquid", "Fnatic"], "result": -1, "probs": [0.4521, 0.4063, 0.1416]}, {"teams": ["PSG.LGD", "OG"], "result": -1, "probs": [0.5115, 0.3773, 0.1112]}, {"teams": ["Evil Geniuses", "VGJ.Thunder"], "result": -1, "probs": [0.4521, 0.4063, 0.1416]}, {"teams": ["Invictus Gaming", "Mineski"], "result": -1, "probs": [0.0931, 0.3543, 0.5526]}, {"teams": ["PSG.LGD", "VGJ.Thunder"], "result": -1, "probs": [0.5856, 0.3341, 0.0802]}, {"teams": ["Mineski", "Winstrike Team"], "result": -1, "probs": [0.3575, 0.4392, 0.2033]}, {"teams": ["Invictus Gaming", "Evil Geniuses"], "result": -1, "probs": [0.0925, 0.3533, 0.5542]}, {"teams": ["Team Liquid", "OG"], "result": -1, "probs": [0.5183, 0.3737, 0.108]}, {"teams": ["PSG.LGD", "Team Liquid"], "result": -1, "probs": [0.2692, 0.4499, 0.2809]}, {"teams": ["Evil Geniuses", "Mineski"], "result": -1, "probs": [0.2764, 0.45, 0.2736]}, {"teams": ["Fnatic", "VGJ.Thunder"], "result": -1, "probs": [0.4071, 0.4242, 0.1687]}, {"teams": ["Invictus Gaming", "Winstrike Team"], "result": -1, "probs": [0.136, 0.4018, 0.4622]}], [{"teams": ["Fnatic", "Mineski"], "result": -1, "probs": [0.2391, 0.4475, 0.3135]}, {"teams": ["Evil Geniuses", "OG"], "result": -1, "probs": [0.3773, 0.4339, 0.1888]}, {"teams": ["Invictus Gaming", "Team Liquid"], "result": -1, "probs": [0.0486, 0.2662, 0.6852]}, {"teams": ["PSG.LGD", "Winstrike Team"], "result": -1, "probs": [0.4926, 0.3871, 0.1203]}, {"teams": ["PSG.LGD", "Evil Geniuses"], "result": -1, "probs": [0.4004, 0.4266, 0.173]}, {"teams": ["Invictus Gaming", "Fnatic"], "result": -1, "probs": [0.1121, 0.3784, 0.5095]}, {"teams": ["VGJ.Thunder", "Winstrike Team"], "result": -1, "probs": [0.2006, 0.4383, 0.3611]}, {"teams": ["Mineski", "OG"], "result": -1, "probs": [0.3757, 0.4343, 0.1899]}], [{"teams": ["Team Liquid", "Mineski"], "result": -1, "probs": [0.4088, 0.4236, 0.1676]}, {"teams": ["Fnatic", "OG"], "result": -1, "probs": [0.3343, 0.4442, 0.2215]}, {"teams": ["Invictus Gaming", "VGJ.Thunder"], "result": -1, "probs": [0.1949, 0.4363, 0.3688]}, {"teams": ["Evil Geniuses", "Winstrike Team"], "result": -1, "probs": [0.3591, 0.4388, 0.2021]}, {"teams": ["Mineski", "VGJ.Thunder"], "result": -1, "probs": [0.4504, 0.407, 0.1426]}, {"teams": ["PSG.LGD", "Fnatic"], "result": -1, "probs": [0.4453, 0.4092, 0.1455]}, {"teams": ["Invictus Gaming", "OG"], "result": -1, "probs": [0.1466, 0.4101, 0.4433]}, {"teams": ["Team Liquid", "Winstrike Team"], "result": -1, "probs": [0.4994, 0.3836, 0.1169]}, {"teams": ["Evil Geniuses", "Team Liquid"], "result": -1, "probs": [0.1686, 0.4242, 0.4072]}, {"teams": ["Invictus Gaming", "PSG.LGD"], "result": -1, "probs": [0.0502, 0.2705, 0.6794]}, {"teams": ["OG", "VGJ.Thunder"], "result": -1, "probs": [0.3431, 0.4425, 0.2144]}, {"teams": ["Fnatic", "Winstrike Team"], "result": -1, "probs": [0.3168, 0.447, 0.2361]}], [{"teams": ["PSG.LGD", "Mineski"], "result": -1, "probs": [0.402, 0.426, 0.172]}, {"teams": ["Team Liquid", "VGJ.Thunder"], "result": -1, "probs": [0.5922, 0.33, 0.0778]}, {"teams": ["Evil Geniuses", "Fnatic"], "result": -1, "probs": [0.3149, 0.4473, 0.2378]}, {"teams": ["OG", "Winstrike Team"], "result": -1, "probs": [0.2591, 0.4495, 0.2914]}]], "b": [[{"teams": ["Team Secret", "Team Serenity"], "result": -1, "probs": [0.6906, 0.2623, 0.0472]}, {"teams": ["Virtus.pro", "OpTic Gaming"], "result": -1, "probs": [0.5321, 0.3661, 0.1019]}, {"teams": ["Vici Gaming", "VGJ.Storm"], "result": -1, "probs": [0.2223, 0.4444, 0.3333]}, {"teams": ["Newbee", "TNC Predator"], "result": -1, "probs": [0.1666, 0.423, 0.4104]}, {"teams": ["Virtus.pro", "Team Serenity"], "result": -1, "probs": [0.8161, 0.1631, 0.0208]}, {"teams": ["Vici Gaming", "TNC Predator"], "result": -1, "probs": [0.2209, 0.4441, 0.335]}, {"teams": ["paiN Gaming", "Newbee"], "result": -1, "probs": [0.2284, 0.4457, 0.326]}, {"teams": ["Team Secret", "VGJ.Storm"], "result": -1, "probs": [0.3266, 0.4456, 0.2278]}], [{"teams": ["Team Secret", "Virtus.pro"], "result": -1, "probs": [0.1514, 0.4135, 0.435]}, {"teams": ["Vici Gaming", "Newbee"], "result": -1, "probs": [0.3455, 0.442, 0.2125]}, {"teams": ["OpTic Gaming", "VGJ.Storm"], "result": -1, "probs": [0.2424, 0.448, 0.3096]}, {"teams": ["paiN Gaming", "TNC Predator"], "result": -1, "probs": [0.1332, 0.3994, 0.4674]}, {"teams": ["Vici Gaming", "Team Serenity"], "result": -1, "probs": [0.5787, 0.3385, 0.0828]}, {"teams": ["Virtus.pro", "TNC Predator"], "result": -1, "probs": [0.4911, 0.3879, 0.121]}, {"teams": ["Newbee", "OpTic Gaming"], "result": -1, "probs": [0.1939, 0.4359, 0.3701]}, {"teams": ["paiN Gaming", "Team Secret"], "result": -1, "probs": [0.1057, 0.3709, 0.5234]}, {"teams": ["Vici Gaming", "Team Secret"], "result": -1, "probs": [0.181, 0.4304, 0.3886]}, {"teams": ["Newbee", "Team Serenity"], "result": -1, "probs": [0.5017, 0.3825, 0.1158]}, {"teams": ["paiN Gaming", "VGJ.Storm"], "result": -1, "probs": [0.1342, 0.4002, 0.4655]}, {"teams": ["TNC Predator", "OpTic Gaming"], "result": -1, "probs": [0.3113, 0.4478, 0.241]}], [{"teams": ["Newbee", "Virtus.pro"], "result": -1, "probs": [0.0643, 0.304, 0.6317]}, {"teams": ["OpTic Gaming", "Team Serenity"], "result": -1, "probs": [0.6033, 0.3229, 0.0738]}, {"teams": ["TNC Predator", "VGJ.Storm"], "result": -1, "probs": [0.2766, 0.45, 0.2734]}, {"teams": ["paiN Gaming", "Vici Gaming"], "result": -1, "probs": [0.1728, 0.4264, 0.4008]}, {"teams": ["Newbee", "VGJ.Storm"], "result": -1, "probs": [0.1678, 0.4237, 0.4085]}, {"teams": ["TNC Predator", "Team Serenity"], "result": -1, "probs": [0.6414, 0.2974, 0.0612]}, {"teams": ["Team Secret", "OpTic Gaming"], "result": -1, "probs": [0.3636, 0.4377, 0.1987]}, {"teams": ["paiN Gaming", "Virtus.pro"], "result": -1, "probs": [0.0493, 0.2682, 0.6825]}], [{"teams": ["Vici Gaming", "Virtus.pro"], "result": -1, "probs": [0.0912, 0.3514, 0.5575]}, {"teams": ["paiN Gaming", "OpTic Gaming"], "result": -1, "probs": [0.1567, 0.417, 0.4263]}, {"teams": ["Team Serenity", "VGJ.Storm"], "result": -1, "probs": [0.0618, 0.2985, 0.6397]}, {"teams": ["Team Secret", "TNC Predator"], "result": -1, "probs": [0.3249, 0.4459, 0.2293]}, {"teams": ["Newbee", "Team Secret"], "result": -1, "probs": [0.1339, 0.3999, 0.4662]}, {"teams": ["Virtus.pro", "VGJ.Storm"], "result": -1, "probs": [0.4929, 0.387, 0.1201]}, {"teams": ["Vici Gaming", "OpTic Gaming"], "result": -1, "probs": [0.2534, 0.4491, 0.2975]}, {"teams": ["paiN Gaming", "Team Serenity"], "result": -1, "probs": [0.4444, 0.4096, 0.146]}]]}}, "records": {"Winstrike Team": [0, 0, 0], "Fnatic": [0, 0, 0], "PSG.LGD": [0, 0, 0], "Mineski": [0, 0, 0], "Evil Geniuses": [0, 0, 0], "VGJ.Thunder": [0, 0, 0], "Team Liquid": [0, 0, 0], "OG": [0, 0, 0], "Invictus Gaming": [0, 0, 0], "Vici Gaming": [0, 0, 0], "paiN Gaming": [0, 0, 0], "Team Serenity": [0, 0, 0], "OpTic Gaming": [0, 0, 0], "Virtus.pro": [0, 0, 0], "TNC Predator": [0, 0, 0], "VGJ.Storm": [0, 0, 0], "Team Secret": [0, 0, 0], "Newbee": [0, 0, 0]}, "ratings": {"Winstrike Team": "1899", "Fnatic": "1926", "PSG.LGD": "2028", "Mineski": "1951", "Evil Geniuses": "1952", "VGJ.Thunder": "1846", "Team Liquid": "2032", "OG": "1889", "Invictus Gaming": "1788", "Vici Gaming": "1925", "paiN Gaming": "1848", "Team Serenity": "1746", "OpTic Gaming": "1939", "Virtus.pro": "2090", "TNC Predator": "1962", "VGJ.Storm": "1961", "Team Secret": "1994", "Newbee": "1880"}, "timestamp": "2021-10-24 23:00", "n_samples": 1000000, "model_version": "0.1"}