{"probs": {"group_rank": {"a": [{"team": "Team Liquid", "probs": [0.338535, 0.231152, 0.1628, 0.116617, 0.064492, 0.043388, 0.025739, 0.0136, 0.003677]}, {"team": "Evil Geniuses", "probs": [0.275343, 0.224325, 0.172219, 0.131255, 0.07981, 0.056125, 0.035488, 0.019602, 0.005833]}, {"team": "Team Secret", "probs": [0.133801, 0.159268, 0.165126, 0.156564, 0.127026, 0.103676, 0.077716, 0.053026, 0.023797]}, {"team": "TNC Pro Team", "probs": [0.086837, 0.119453, 0.140767, 0.151427, 0.146283, 0.129705, 0.106646, 0.079304, 0.039578]}, {"team": "LGD", "probs": [0.083282, 0.115526, 0.136136, 0.145875, 0.144442, 0.131071, 0.110668, 0.086053, 0.046947]}, {"team": "Team Empire", "probs": [0.030987, 0.054381, 0.076511, 0.098157, 0.131464, 0.150107, 0.162623, 0.163168, 0.132602]}, {"team": "iG Vitality", "probs": [0.028783, 0.050506, 0.07314, 0.095884, 0.132832, 0.154571, 0.169771, 0.168933, 0.12558]}, {"team": "Fnatic", "probs": [0.017731, 0.034235, 0.052269, 0.071821, 0.110544, 0.138337, 0.171798, 0.203972, 0.199293]}, {"team": "Infamous", "probs": [0.004701, 0.011154, 0.021032, 0.0324, 0.063107, 0.09302, 0.139551, 0.212342, 0.422693]}], "b": [{"team": "Virtus.pro", "probs": [0.28814, 0.210446, 0.16353, 0.13007, 0.085059, 0.061055, 0.03797, 0.018897, 0.004833]}, {"team": "OG", "probs": [0.169868, 0.168434, 0.159503, 0.148917, 0.12262, 0.101293, 0.07329, 0.04235, 0.013725]}, {"team": "Newbee", "probs": [0.163534, 0.165151, 0.158724, 0.150164, 0.125324, 0.104728, 0.074814, 0.043355, 0.014206]}, {"team": "Cloud9", "probs": [0.15968, 0.161252, 0.156931, 0.15056, 0.127113, 0.107525, 0.077343, 0.045033, 0.014563]}, {"team": "LGD.Forever Young", "probs": [0.105357, 0.126218, 0.139249, 0.146214, 0.14481, 0.132866, 0.105616, 0.070112, 0.029558]}, {"team": "Invictus Gaming", "probs": [0.07581, 0.101465, 0.11981, 0.134585, 0.151479, 0.151983, 0.131575, 0.09293, 0.040363]}, {"team": "Digital Chaos", "probs": [0.026394, 0.043223, 0.06187, 0.079777, 0.122121, 0.155526, 0.194647, 0.190545, 0.125897]}, {"team": "HellRaisers", "probs": [0.007872, 0.016195, 0.026848, 0.038724, 0.07582, 0.111017, 0.174574, 0.265477, 0.283473]}, {"team": "Execration", "probs": [0.003345, 0.007616, 0.013535, 0.020989, 0.045654, 0.074007, 0.130171, 0.231301, 0.473382]}]}, "final_rank": [{"team": "Team Liquid", "probs": [0.003677, 0.052589, 0.127949, 0.107327, 0.154605, 0.098447, 0.11386, 0.140886, 0.20066]}, {"team": "Virtus.pro", "probs": [0.004833, 0.07067, 0.147241, 0.11676, 0.159543, 0.097129, 0.110223, 0.129552, 0.164049]}, {"team": "Evil Geniuses", "probs": [0.005833, 0.07147, 0.152963, 0.120212, 0.163226, 0.097092, 0.109081, 0.12596, 0.154163]}, {"team": "OG", "probs": [0.013725, 0.13406, 0.209312, 0.137646, 0.159327, 0.085159, 0.087814, 0.088575, 0.084382]}, {"team": "Newbee", "probs": [0.014206, 0.137789, 0.212872, 0.139187, 0.159349, 0.084434, 0.085884, 0.087329, 0.07895]}, {"team": "Cloud9", "probs": [0.014563, 0.141891, 0.216287, 0.138612, 0.157724, 0.083742, 0.084707, 0.084813, 0.077661]}, {"team": "Team Secret", "probs": [0.023797, 0.157649, 0.22964, 0.141334, 0.155314, 0.078679, 0.078581, 0.073803, 0.061203]}, {"team": "LGD.Forever Young", "probs": [0.029558, 0.194459, 0.251523, 0.142052, 0.143246, 0.068801, 0.065289, 0.059096, 0.045976]}, {"team": "TNC Pro Team", "probs": [0.039578, 0.213099, 0.262729, 0.140812, 0.137464, 0.062646, 0.058017, 0.05016, 0.035495]}, {"team": "LGD", "probs": [0.046947, 0.222182, 0.262537, 0.137733, 0.132054, 0.060423, 0.056023, 0.048275, 0.033826]}, {"team": "Invictus Gaming", "probs": [0.040363, 0.23734, 0.274401, 0.138995, 0.127323, 0.057025, 0.051656, 0.043485, 0.029412]}, {"team": "Team Empire", "probs": [0.132602, 0.326562, 0.272433, 0.105231, 0.07891, 0.030431, 0.025306, 0.018545, 0.00998]}, {"team": "iG Vitality", "probs": [0.12558, 0.33759, 0.278156, 0.104963, 0.076061, 0.028848, 0.023272, 0.016725, 0.008805]}, {"team": "Digital Chaos", "probs": [0.125897, 0.349977, 0.282321, 0.102234, 0.070265, 0.026329, 0.020832, 0.014507, 0.007638]}, {"team": "Fnatic", "probs": [0.199293, 0.356445, 0.254912, 0.084738, 0.055216, 0.019514, 0.015052, 0.010131, 0.004699]}, {"team": "HellRaisers", "probs": [0.283473, 0.372463, 0.228445, 0.061352, 0.031667, 0.009863, 0.006962, 0.004162, 0.001613]}, {"team": "Infamous", "probs": [0.422693, 0.320424, 0.176035, 0.044359, 0.022247, 0.006575, 0.004393, 0.002351, 0.000923]}, {"team": "Execration", "probs": [0.473382, 0.303341, 0.160244, 0.036453, 0.016459, 0.004863, 0.003048, 0.001645, 0.000565]}], "record": {"a": [{"team": "Team Liquid", "record_probs": [7e-06, 5.7e-05, 0.000323, 0.001288, 0.003667, 0.009509, 0.020552, 0.039768, 0.067938, 0.103936, 0.139875, 0.164487, 0.16469, 0.138883, 0.091166, 0.042943, 0.010911], "point_rank_probs": [[0.0, 0.0, 0.0, 0.0, 0.0, 0.0, 0.0, 0.0, 1.0], [0.0, 0.0, 0.0, 0.0, 0.0, 0.0, 0.0, 0.0, 1.0], [0.0, 0.0, 0.0, 0.0, 0.0, 0.0, 0.0, 0.08359133, 0.91640867], [0.0, 0.0, 0.0, 0.0, 0.0, 0.0, 0.00776398, 0.31444099, 0.67779503], [0.0, 0.0, 0.0, 0.0, 0.0, 0.00163621, 0.09026452, 0.56940278, 0.33869648], [0.0, 0.0, 0.0, 0.0, 0.00031549, 0.03996214, 0.32495531, 0.53191713, 0.10284993], [0.0, 0.0, 0.0, 0.00058388, 0.02530167, 0.24673998, 0.48511094, 0.23155897, 0.01070455], [0.0, 0.0, 0.00067894, 0.03339368, 0.21504727, 0.46627942, 0.25364615, 0.03085395, 0.00010058], [0.0, 0.00075068, 0.03130796, 0.26122347, 0.4310695, 0.24257411, 0.03254438, 0.00052989, 0.0], [0.00053879, 0.02785368, 0.23559691, 0.49384236, 0.21424723, 0.02753618, 0.00038485, 0.0, 0.0], [0.017437, 0.20825737, 0.47458803, 0.27239321, 0.02699553, 0.00032887, 0.0, 0.0, 0.0], [0.14013265, 0.48176452, 0.33029358, 0.04728033, 0.00052892, 0.0, 0.0, 0.0, 0.0], [0.42851418, 0.48244581, 0.08707268, 0.00196733, 0.0, 0.0, 0.0, 0.0, 0.0], [0.74467717, 0.24737369, 0.00794914, 0.0, 0.0, 0.0, 0.0, 0.0, 0.0], [0.93616041, 0.06380668, 3.291e-05, 0.0, 0.0, 0.0, 0.0, 0.0, 0.0], [0.99522623, 0.00477377, 0.0, 0.0, 0.0, 0.0, 0.0, 0.0, 0.0], [1.0, 0.0, 0.0, 0.0, 0.0, 0.0, 0.0, 0.0, 0.0]]}, {"team": "Evil Geniuses", "record_probs": [1.6e-05, 0.000106, 0.000612, 0.002162, 0.006071, 0.014423, 0.029665, 0.05206, 0.084196, 0.11822, 0.149425, 0.163227, 0.151421, 0.117978, 0.071884, 0.031255, 0.007279], "point_rank_probs": [[0.0, 0.0, 0.0, 0.0, 0.0, 0.0, 0.0, 0.0, 1.0], [0.0, 0.0, 0.0, 0.0, 0.0, 0.0, 0.0, 0.00943396, 0.99056604], [0.0, 0.0, 0.0, 0.0, 0.0, 0.0, 0.00163399, 0.11764706, 0.88071895], [0.0, 0.0, 0.0, 0.0, 0.0, 0.0, 0.01110083, 0.34643848, 0.64246068], [0.0, 0.0, 0.0, 0.0, 0.0, 0.00230605, 0.10130127, 0.55378027, 0.34261242], [0.0, 0.0, 0.0, 0.0, 0.00048534, 0.04506691, 0.34528184, 0.51397074, 0.09519517], [0.0, 0.0, 0.0, 0.00060678, 0.02801281, 0.25289061, 0.48966796, 0.21803472, 0.01078712], [0.0, 0.0, 0.00049942, 0.03476758, 0.2241068, 0.46538609, 0.24635036, 0.02867845, 0.00021129], [0.0, 0.00064136, 0.02945508, 0.26147323, 0.437693, 0.24090218, 0.02931256, 0.00052259, 0.0], [0.00038911, 0.02616309, 0.23441888, 0.48968872, 0.22033497, 0.02859076, 0.00041448, 0.0, 0.0], [0.01611511, 0.20122469, 0.47722269, 0.27631922, 0.02866321, 0.00045508, 0.0, 0.0, 0.0], [0.12746053, 0.48376188, 0.33930661, 0.04872356, 0.00074743, 0.0, 0.0, 0.0, 0.0], [0.40493062, 0.49882777, 0.09439906, 0.00184254, 0.0, 0.0, 0.0, 0.0, 0.0], [0.72721185, 0.26427809, 0.00851006, 0.0, 0.0, 0.0, 0.0, 0.0, 0.0], [0.92693784, 0.07293695, 0.0001252, 0.0, 0.0, 0.0, 0.0, 0.0, 0.0], [0.99385698, 0.00614302, 0.0, 0.0, 0.0, 0.0, 0.0, 0.0, 0.0], [1.0, 0.0, 0.0, 0.0, 0.0, 0.0, 0.0, 0.0, 0.0]]}, {"team": "Team Secret", "record_probs": [0.00014, 0.000945, 0.003763, 0.010098, 0.022691, 0.042056, 0.069329, 0.099963, 0.127639, 0.146021, 0.147305, 0.13007, 0.097333, 0.061167, 0.029752, 0.009947, 0.001781], "point_rank_probs": [[0.0, 0.0, 0.0, 0.0, 0.0, 0.0, 0.0, 0.0, 1.0], [0.0, 0.0, 0.0, 0.0, 0.0, 0.0, 0.0, 0.01269841, 0.98730159], [0.0, 0.0, 0.0, 0.0, 0.0, 0.0, 0.0, 0.10470369, 0.89529631], [0.0, 0.0, 0.0, 0.0, 0.0, 0.0, 0.01069519, 0.31540899, 0.67389582], [0.0, 0.0, 0.0, 0.0, 0.0, 0.00198317, 0.10528403, 0.55114363, 0.34158918], [0.0, 0.0, 0.0, 0.0, 0.00080845, 0.05150276, 0.35849819, 0.49291421, 0.09627639], [0.0, 0.0, 0.0, 0.00037502, 0.03451658, 0.2752672, 0.48037618, 0.19907975, 0.01038526], [0.0, 0.0, 0.00050019, 0.03292218, 0.24195953, 0.46937367, 0.23165571, 0.02328862, 0.00030011], [0.0, 0.00039173, 0.02655145, 0.24473711, 0.45772844, 0.24173646, 0.02831423, 0.00054059, 0.0], [0.00016436, 0.02066141, 0.21457872, 0.48425227, 0.24896419, 0.03092021, 0.00045884, 0.0, 0.0], [0.01211771, 0.17785547, 0.47729541, 0.29493228, 0.03718136, 0.00061777, 0.0, 0.0, 0.0], [0.10917967, 0.46012916, 0.37120012, 0.058284, 0.00120704, 0.0, 0.0, 0.0, 0.0], [0.37051154, 0.51330998, 0.11338395, 0.00279453, 0.0, 0.0, 0.0, 0.0, 0.0], [0.69866104, 0.28945346, 0.01188549, 0.0, 0.0, 0.0, 0.0, 0.0, 0.0], [0.91892982, 0.08103657, 3.361e-05, 0.0, 0.0, 0.0, 0.0, 0.0, 0.0], [0.99246004, 0.00753996, 0.0, 0.0, 0.0, 0.0, 0.0, 0.0, 0.0], [1.0, 0.0, 0.0, 0.0, 0.0, 0.0, 0.0, 0.0, 0.0]]}, {"team": "TNC Pro Team", "record_probs": [0.00031, 0.002132, 0.007309, 0.018555, 0.037634, 0.063879, 0.094828, 0.122924, 0.141747, 0.145646, 0.131902, 0.10355, 0.069206, 0.038368, 0.016361, 0.004904, 0.000745], "point_rank_probs": [[0.0, 0.0, 0.0, 0.0, 0.0, 0.0, 0.0, 0.0, 1.0], [0.0, 0.0, 0.0, 0.0, 0.0, 0.0, 0.0, 0.01031895, 0.98968105], [0.0, 0.0, 0.0, 0.0, 0.0, 0.0, 0.00041045, 0.11095909, 0.88863046], [0.0, 0.0, 0.0, 0.0, 0.0, 0.0, 0.01304231, 0.34443546, 0.64252223], [0.0, 0.0, 0.0, 0.0, 0.0, 0.00255088, 0.11404581, 0.56095552, 0.32244779], [0.0, 0.0, 0.0, 0.0, 0.00095493, 0.05471282, 0.37566336, 0.47984471, 0.08882418], [0.0, 0.0, 0.0, 0.00054836, 0.03482094, 0.28445185, 0.48566879, 0.18486101, 0.00964905], [0.0, 0.0, 0.00035794, 0.02885523, 0.24363835, 0.4786128, 0.22622921, 0.02216817, 0.0001383], [0.0, 0.00035274, 0.02302694, 0.22617057, 0.47146677, 0.24913402, 0.02941156, 0.0004374, 0.0], [0.00018538, 0.01879214, 0.1996004, 0.47216539, 0.27493374, 0.03378054, 0.00054241, 0.0, 0.0], [0.01175873, 0.17051296, 0.46604297, 0.30597716, 0.04515474, 0.00055344, 0.0, 0.0, 0.0], [0.10786094, 0.45462096, 0.3739353, 0.06220183, 0.00138098, 0.0, 0.0, 0.0, 0.0], [0.37883998, 0.5056787, 0.11260584, 0.00287547, 0.0, 0.0, 0.0, 0.0, 0.0], [0.70689116, 0.28263136, 0.01045142, 2.606e-05, 0.0, 0.0, 0.0, 0.0, 0.0], [0.92524907, 0.07468981, 6.112e-05, 0.0, 0.0, 0.0, 0.0, 0.0, 0.0], [0.99245514, 0.00754486, 0.0, 0.0, 0.0, 0.0, 0.0, 0.0, 0.0], [1.0, 0.0, 0.0, 0.0, 0.0, 0.0, 0.0, 0.0, 0.0]]}, {"team": "LGD", "record_probs": [0.000479, 0.002709, 0.009003, 0.021733, 0.042222, 0.068834, 0.098172, 0.124273, 0.14076, 0.141527, 0.126133, 0.099417, 0.066531, 0.036687, 0.015835, 0.004864, 0.000821], "point_rank_probs": [[0.0, 0.0, 0.0, 0.0, 0.0, 0.0, 0.0, 0.0, 1.0], [0.0, 0.0, 0.0, 0.0, 0.0, 0.0, 0.0, 0.00849022, 0.99150978], [0.0, 0.0, 0.0, 0.0, 0.0, 0.0, 0.00033322, 0.10996335, 0.88970343], [0.0, 0.0, 0.0, 0.0, 0.0, 0.0, 0.01265357, 0.33446832, 0.65287811], [0.0, 0.0, 0.0, 0.0, 0.0, 0.00293686, 0.11183743, 0.55265028, 0.33257543], [0.0, 0.0, 0.0, 0.0, 0.0009443, 0.05501642, 0.36842258, 0.48105587, 0.09456083], [0.0, 0.0, 0.0, 0.00060099, 0.03432751, 0.28349224, 0.48389561, 0.18742615, 0.01025751], [0.0, 0.0, 0.0003782, 0.02882364, 0.2453228, 0.47230694, 0.2299856, 0.02298166, 0.00020117], [0.0, 0.00034101, 0.02237141, 0.22546178, 0.46933078, 0.25245808, 0.02955385, 0.00048309, 0.0], [0.00019784, 0.01899284, 0.20418012, 0.4674797, 0.27349552, 0.0352159, 0.00043808, 0.0, 0.0], [0.01171779, 0.17245289, 0.46948063, 0.30085703, 0.04458786, 0.00090381, 0.0, 0.0, 0.0], [0.10848245, 0.45479143, 0.3729845, 0.06247422, 0.00126739, 0.0, 0.0, 0.0, 0.0], [0.37260826, 0.51476755, 0.10994875, 0.00267544, 0.0, 0.0, 0.0, 0.0, 0.0], [0.70605392, 0.28227983, 0.01166626, 0.0, 0.0, 0.0, 0.0, 0.0, 0.0], [0.92485002, 0.07502368, 0.0001263, 0.0, 0.0, 0.0, 0.0, 0.0, 0.0], [0.99342105, 0.00657895, 0.0, 0.0, 0.0, 0.0, 0.0, 0.0, 0.0], [1.0, 0.0, 0.0, 0.0, 0.0, 0.0, 0.0, 0.0, 0.0]]}, {"team": "Team Empire", "record_probs": [0.002949, 0.013213, 0.033385, 0.062474, 0.093394, 0.120969, 0.137541, 0.139797, 0.126699, 0.103065, 0.075204, 0.047963, 0.026065, 0.011772, 0.004289, 0.001081, 0.00014], "point_rank_probs": [[0.0, 0.0, 0.0, 0.0, 0.0, 0.0, 0.0, 0.0, 1.0], [0.0, 0.0, 0.0, 0.0, 0.0, 0.0, 0.0, 0.01142814, 0.98857186], [0.0, 0.0, 0.0, 0.0, 0.0, 0.0, 0.00011981, 0.10732365, 0.89255654], [0.0, 0.0, 0.0, 0.0, 0.0, 1.601e-05, 0.01280533, 0.33095368, 0.65622499], [0.0, 0.0, 0.0, 0.0, 0.0, 0.00254834, 0.11446131, 0.54110542, 0.34188492], [0.0, 0.0, 0.0, 0.0, 0.00066133, 0.0510048, 0.3686151, 0.47867636, 0.10104242], [0.0, 0.0, 0.0, 0.00034899, 0.0303255, 0.2727623, 0.49145346, 0.19345504, 0.01165471], [0.0, 0.0, 0.00019314, 0.02030086, 0.22691474, 0.4798887, 0.24647167, 0.02594476, 0.00028613], [0.0, 0.0002131, 0.01935295, 0.19302441, 0.47785697, 0.27412213, 0.03478323, 0.0006472, 0.0], [0.00017465, 0.01906564, 0.19236404, 0.44516567, 0.30068403, 0.04176976, 0.00077621, 0.0, 0.0], [0.01300463, 0.17913941, 0.45941705, 0.29616776, 0.05148662, 0.00078453, 0.0, 0.0, 0.0], [0.12007172, 0.47071701, 0.35308467, 0.0543544, 0.0017722, 0.0, 0.0, 0.0, 0.0], [0.39973144, 0.49825436, 0.09994245, 0.00207174, 0.0, 0.0, 0.0, 0.0, 0.0], [0.72782875, 0.26231736, 0.00985389, 0.0, 0.0, 0.0, 0.0, 0.0, 0.0], [0.93844719, 0.06155281, 0.0, 0.0, 0.0, 0.0, 0.0, 0.0, 0.0], [0.99907493, 0.00092507, 0.0, 0.0, 0.0, 0.0, 0.0, 0.0, 0.0], [1.0, 0.0, 0.0, 0.0, 0.0, 0.0, 0.0, 0.0, 0.0]]}, {"team": "iG Vitality", "record_probs": [0.002368, 0.011913, 0.031904, 0.061898, 0.095871, 0.124962, 0.142335, 0.143051, 0.127703, 0.101802, 0.072447, 0.04473, 0.023812, 0.010541, 0.003667, 0.000865, 0.000131], "point_rank_probs": [[0.0, 0.0, 0.0, 0.0, 0.0, 0.0, 0.0, 0.0, 1.0], [0.0, 0.0, 0.0, 0.0, 0.0, 0.0, 0.0, 0.01191975, 0.98808025], [0.0, 0.0, 0.0, 0.0, 0.0, 0.0, 3.134e-05, 0.11985958, 0.88010908], [0.0, 0.0, 0.0, 0.0, 0.0, 0.0, 0.01471776, 0.35259621, 0.63268603], [0.0, 0.0, 0.0, 0.0, 1.043e-05, 0.00287887, 0.12279, 0.55268016, 0.32164054], [0.0, 0.0, 0.0, 0.0, 0.00078424, 0.05350427, 0.37526608, 0.47582465, 0.09462076], [0.0, 0.0, 0.0, 0.00035128, 0.03033688, 0.27525205, 0.49312537, 0.19032564, 0.01060878], [0.0, 0.0, 0.00020972, 0.02010472, 0.22619206, 0.48091939, 0.24751312, 0.02485128, 0.00020972], [0.0, 0.00023492, 0.0194044, 0.1895257, 0.47939359, 0.27578052, 0.03526151, 0.00039936, 0.0], [0.00019646, 0.018202, 0.18990786, 0.44249622, 0.30543604, 0.04283806, 0.00092336, 0.0, 0.0], [0.01409306, 0.18073902, 0.46101288, 0.29248968, 0.05089238, 0.00077298, 0.0, 0.0, 0.0], [0.12329533, 0.47250168, 0.34777554, 0.05515314, 0.00127431, 0.0, 0.0, 0.0, 0.0], [0.41873845, 0.48383168, 0.09528809, 0.00214178, 0.0, 0.0, 0.0, 0.0, 0.0], [0.74110616, 0.25177877, 0.00711507, 0.0, 0.0, 0.0, 0.0, 0.0, 0.0], [0.94109626, 0.05890374, 0.0, 0.0, 0.0, 0.0, 0.0, 0.0, 0.0], [0.99653179, 0.00346821, 0.0, 0.0, 0.0, 0.0, 0.0, 0.0, 0.0], [1.0, 0.0, 0.0, 0.0, 0.0, 0.0, 0.0, 0.0, 0.0]]}, {"team": "Fnatic", "record_probs": [0.006241, 0.024261, 0.05494, 0.090881, 0.122042, 0.140701, 0.14288, 0.130804, 0.105768, 0.0777, 0.051017, 0.029623, 0.014626, 0.006078, 0.001951, 0.000422, 6.5e-05], "point_rank_probs": [[0.0, 0.0, 0.0, 0.0, 0.0, 0.0, 0.0, 0.0, 1.0], [0.0, 0.0, 0.0, 0.0, 0.0, 0.0, 0.0, 0.00989242, 0.99010758], [0.0, 0.0, 0.0, 0.0, 0.0, 0.0, 7.281e-05, 0.10780852, 0.89211867], [0.0, 0.0, 0.0, 0.0, 0.0, 0.0, 0.01193869, 0.32705406, 0.66100725], [0.0, 0.0, 0.0, 0.0, 0.0, 0.00220416, 0.10784812, 0.53885548, 0.35109225], [0.0, 0.0, 0.0, 0.0, 0.00056147, 0.0466308, 0.355065, 0.49064328, 0.10709945], [0.0, 0.0, 0.0, 0.00028695, 0.02822648, 0.25870661, 0.49231523, 0.20655095, 0.01391377], [0.0, 0.0, 0.00020642, 0.0192884, 0.22350234, 0.47449619, 0.25389896, 0.02830189, 0.0003058], [0.0, 0.00024582, 0.01960896, 0.18519779, 0.47995613, 0.27672831, 0.03755389, 0.0007091, 0.0], [0.00015444, 0.02, 0.19687259, 0.4337323, 0.30761905, 0.04079794, 0.00082368, 0.0, 0.0], [0.01479899, 0.19266127, 0.45978791, 0.28308211, 0.04892487, 0.00074485, 0.0, 0.0, 0.0], [0.13428755, 0.47466496, 0.33960099, 0.050265, 0.00118151, 0.0, 0.0, 0.0, 0.0], [0.41966361, 0.48899221, 0.08881444, 0.00252974, 0.0, 0.0, 0.0, 0.0, 0.0], [0.74300757, 0.2479434, 0.00904903, 0.0, 0.0, 0.0, 0.0, 0.0, 0.0], [0.946694, 0.053306, 0.0, 0.0, 0.0, 0.0, 0.0, 0.0, 0.0], [0.99526066, 0.00473934, 0.0, 0.0, 0.0, 0.0, 0.0, 0.0, 0.0], [1.0, 0.0, 0.0, 0.0, 0.0, 0.0, 0.0, 0.0, 0.0]]}, {"team": "Infamous", "record_probs": [0.024912, 0.072079, 0.119425, 0.151048, 0.158059, 0.144514, 0.117647, 0.086345, 0.057957, 0.034966, 0.01888, 0.008853, 0.003635, 0.001241, 0.000352, 8.1e-05, 6e-06], "point_rank_probs": [[0.0, 0.0, 0.0, 0.0, 0.0, 0.0, 0.0, 0.0, 1.0], [0.0, 0.0, 0.0, 0.0, 0.0, 0.0, 0.0, 0.00396787, 0.99603213], [0.0, 0.0, 0.0, 0.0, 0.0, 0.0, 4.187e-05, 0.06123508, 0.93872305], [0.0, 0.0, 0.0, 0.0, 0.0, 0.0, 0.00749431, 0.23078756, 0.76171813], [0.0, 0.0, 0.0, 0.0, 0.0, 0.00158169, 0.08410783, 0.45858825, 0.45572223], [0.0, 0.0, 0.0, 0.0, 0.00056742, 0.04100641, 0.31637073, 0.47672198, 0.16533346], [0.0, 0.0, 0.0, 0.0001785, 0.02822001, 0.25239063, 0.47533724, 0.21971661, 0.02415701], [0.0, 0.0, 0.00024321, 0.0182871, 0.23000753, 0.4712838, 0.24904743, 0.03044762, 0.00068331], [0.0, 0.00027607, 0.02205083, 0.18496472, 0.49671308, 0.26181479, 0.0336974, 0.00048312, 0.0], [0.00048619, 0.02502431, 0.22061431, 0.42492707, 0.29216954, 0.036178, 0.00060058, 0.0, 0.0], [0.01949153, 0.2123411, 0.4684322, 0.25466102, 0.0440678, 0.00100636, 0.0, 0.0, 0.0], [0.15881622, 0.4724952, 0.32192477, 0.0457472, 0.0010166, 0.0, 0.0, 0.0, 0.0], [0.4261348, 0.48555708, 0.08583219, 0.00247593, 0.0, 0.0, 0.0, 0.0, 0.0], [0.75584206, 0.23368251, 0.01047542, 0.0, 0.0, 0.0, 0.0, 0.0, 0.0], [0.95454545, 0.04545455, 0.0, 0.0, 0.0, 0.0, 0.0, 0.0, 0.0], [1.0, 0.0, 0.0, 0.0, 0.0, 0.0, 0.0, 0.0, 0.0], [1.0, 0.0, 0.0, 0.0, 0.0, 0.0, 0.0, 0.0, 0.0]]}], "b": [{"team": "Virtus.pro", "record_probs": [1e-05, 0.0001, 0.00049, 0.002044, 0.005673, 0.013647, 0.028449, 0.051897, 0.083864, 0.120384, 0.150549, 0.164994, 0.152586, 0.117663, 0.070744, 0.030119, 0.006787], "point_rank_probs": [[0.0, 0.0, 0.0, 0.0, 0.0, 0.0, 0.0, 0.0, 1.0], [0.0, 0.0, 0.0, 0.0, 0.0, 0.0, 0.0, 0.0, 1.0], [0.0, 0.0, 0.0, 0.0, 0.0, 0.0, 0.0, 0.1, 0.9], [0.0, 0.0, 0.0, 0.0, 0.0, 0.0, 0.01174168, 0.38502935, 0.60322896], [0.0, 0.0, 0.0, 0.0, 0.0, 0.00229156, 0.11193372, 0.58857747, 0.29719725], [0.0, 0.0, 0.0, 0.0, 0.00021983, 0.04242691, 0.36425588, 0.51132117, 0.08177621], [0.0, 0.0, 0.0, 0.00052726, 0.02316426, 0.24837428, 0.50588773, 0.21364547, 0.008401], [0.0, 0.0, 0.0002505, 0.02187024, 0.19723683, 0.47519124, 0.27438966, 0.03090737, 0.00015415], [0.0, 0.00027425, 0.02197606, 0.21525327, 0.43583659, 0.28292235, 0.04299819, 0.00073929, 0.0], [0.00029074, 0.02108254, 0.19907961, 0.47537879, 0.26268441, 0.04063663, 0.00084729, 0.0, 0.0], [0.01651954, 0.18840378, 0.45797714, 0.29756425, 0.03875815, 0.00077716, 0.0, 0.0, 0.0], [0.13993236, 0.47184746, 0.3353031, 0.05199583, 0.00092125, 0.0, 0.0, 0.0, 0.0], [0.44714456, 0.46786075, 0.08327107, 0.00172362, 0.0, 0.0, 0.0, 0.0, 0.0], [0.76893331, 0.22491352, 0.00615317, 0.0, 0.0, 0.0, 0.0, 0.0, 0.0], [0.94752912, 0.05237193, 9.895e-05, 0.0, 0.0, 0.0, 0.0, 0.0, 0.0], [0.99631462, 0.00368538, 0.0, 0.0, 0.0, 0.0, 0.0, 0.0, 0.0], [1.0, 0.0, 0.0, 0.0, 0.0, 0.0, 0.0, 0.0, 0.0]]}, {"team": "OG", "record_probs": [6.3e-05, 0.000473, 0.002175, 0.006552, 0.016472, 0.033147, 0.05827, 0.089159, 0.120488, 0.144235, 0.153074, 0.140382, 0.111124, 0.072342, 0.036606, 0.012976, 0.002462], "point_rank_probs": [[0.0, 0.0, 0.0, 0.0, 0.0, 0.0, 0.0, 0.0, 1.0], [0.0, 0.0, 0.0, 0.0, 0.0, 0.0, 0.0, 0.03171247, 0.96828753], [0.0, 0.0, 0.0, 0.0, 0.0, 0.0, 0.0, 0.14574713, 0.85425287], [0.0, 0.0, 0.0, 0.0, 0.0, 0.0, 0.01572039, 0.39362027, 0.59065934], [0.0, 0.0, 0.0, 0.0, 0.0, 0.00242836, 0.13113162, 0.5942205, 0.27221952], [0.0, 0.0, 0.0, 0.0, 0.00066371, 0.05044197, 0.3853139, 0.4874951, 0.07608532], [0.0, 0.0, 0.0, 0.00030891, 0.02503861, 0.26435559, 0.51041702, 0.19200275, 0.00787712], [0.0, 0.0, 0.00026918, 0.02143362, 0.20414092, 0.48333875, 0.26561536, 0.02507879, 0.00012338], [0.0, 0.00018259, 0.01898114, 0.20264259, 0.45276708, 0.2857712, 0.03909103, 0.00056437, 0.0], [0.00017333, 0.01799841, 0.18817208, 0.46314695, 0.28467432, 0.04499601, 0.00083891, 0.0, 0.0], [0.01347714, 0.17381789, 0.45662882, 0.30833453, 0.04668984, 0.00105178, 0.0, 0.0, 0.0], [0.12406861, 0.46476756, 0.35070736, 0.0591885, 0.00126797, 0.0, 0.0, 0.0, 0.0], [0.41710162, 0.48737446, 0.09315719, 0.00236673, 0.0, 0.0, 0.0, 0.0, 0.0], [0.74946781, 0.24273589, 0.0077963, 0.0, 0.0, 0.0, 0.0, 0.0, 0.0], [0.94039229, 0.05949844, 0.00010927, 0.0, 0.0, 0.0, 0.0, 0.0, 0.0], [0.99483662, 0.00516338, 0.0, 0.0, 0.0, 0.0, 0.0, 0.0, 0.0], [1.0, 0.0, 0.0, 0.0, 0.0, 0.0, 0.0, 0.0, 0.0]]}, {"team": "Newbee", "record_probs": [8e-05, 0.000575, 0.002303, 0.006884, 0.016869, 0.034085, 0.059733, 0.091715, 0.122927, 0.146015, 0.15291, 0.139043, 0.108382, 0.069213, 0.034736, 0.012203, 0.002327], "point_rank_probs": [[0.0, 0.0, 0.0, 0.0, 0.0, 0.0, 0.0, 0.0, 1.0], [0.0, 0.0, 0.0, 0.0, 0.0, 0.0, 0.0, 0.01565217, 0.98434783], [0.0, 0.0, 0.0, 0.0, 0.0, 0.0, 0.0, 0.1524099, 0.8475901], [0.0, 0.0, 0.0, 0.0, 0.0, 0.0, 0.01234747, 0.38930854, 0.59834399], [0.0, 0.0, 0.0, 0.0, 0.0, 0.0030233, 0.13403284, 0.5884759, 0.27446796], [0.0, 0.0, 0.0, 0.0, 0.0007628, 0.05207569, 0.39430835, 0.48291037, 0.06994279], [0.0, 0.0, 0.0, 0.00033482, 0.02626689, 0.26737314, 0.50538228, 0.19285822, 0.00778464], [0.0, 0.0, 0.00019626, 0.02135965, 0.20438314, 0.4867797, 0.2616693, 0.02550292, 0.00010903], [0.0, 0.00026845, 0.01837676, 0.20233147, 0.45072279, 0.28938313, 0.0383561, 0.00056131, 0.0], [0.000226, 0.01771736, 0.18540561, 0.46243879, 0.28831969, 0.04502962, 0.00086293, 0.0, 0.0], [0.0132954, 0.17261134, 0.45639265, 0.30908377, 0.04771434, 0.00090249, 0.0, 0.0, 0.0], [0.12423495, 0.46289997, 0.35186957, 0.05967938, 0.00131614, 0.0, 0.0, 0.0, 0.0], [0.41751398, 0.48695355, 0.09341034, 0.00212212, 0.0, 0.0, 0.0, 0.0, 0.0], [0.74903559, 0.24319131, 0.00777311, 0.0, 0.0, 0.0, 0.0, 0.0, 0.0], [0.93931368, 0.06065753, 2.879e-05, 0.0, 0.0, 0.0, 0.0, 0.0, 0.0], [0.99524707, 0.00475293, 0.0, 0.0, 0.0, 0.0, 0.0, 0.0, 0.0], [1.0, 0.0, 0.0, 0.0, 0.0, 0.0, 0.0, 0.0, 0.0]]}, {"team": "Cloud9", "record_probs": [6e-05, 0.000521, 0.00234, 0.007331, 0.017932, 0.035678, 0.062226, 0.093755, 0.12442, 0.146666, 0.152058, 0.136838, 0.105482, 0.067255, 0.033499, 0.011721, 0.002218], "point_rank_probs": [[0.0, 0.0, 0.0, 0.0, 0.0, 0.0, 0.0, 0.0, 1.0], [0.0, 0.0, 0.0, 0.0, 0.0, 0.0, 0.0, 0.01535509, 0.98464491], [0.0, 0.0, 0.0, 0.0, 0.0, 0.0, 0.00042735, 0.1465812, 0.85299145], [0.0, 0.0, 0.0, 0.0, 0.0, 0.0, 0.0212795, 0.40185514, 0.57686537], [0.0, 0.0, 0.0, 0.0, 0.0, 0.00284408, 0.13896944, 0.5888356, 0.26935088], [0.0, 0.0, 0.0, 0.0, 0.00075677, 0.05429116, 0.39525758, 0.47953921, 0.07015528], [0.0, 0.0, 0.0, 0.00035355, 0.02788224, 0.27374409, 0.50523897, 0.18607977, 0.00670138], [0.0, 0.0, 0.00015999, 0.02224948, 0.20637833, 0.48649139, 0.25885553, 0.0257053, 0.00015999], [0.0, 0.00027327, 0.018751, 0.20016075, 0.45150297, 0.2904517, 0.03822537, 0.00063495, 0.0], [0.00023182, 0.01769326, 0.18426902, 0.46302483, 0.28872404, 0.0451843, 0.00087273, 0.0, 0.0], [0.01313315, 0.17418354, 0.45189336, 0.31197964, 0.04797511, 0.00083521, 0.0, 0.0, 0.0], [0.12560108, 0.46020111, 0.35465295, 0.0581929, 0.00135196, 0.0, 0.0, 0.0, 0.0], [0.4217876, 0.48289756, 0.09308697, 0.00222787, 0.0, 0.0, 0.0, 0.0, 0.0], [0.75307412, 0.23956583, 0.00734518, 1.487e-05, 0.0, 0.0, 0.0, 0.0, 0.0], [0.93832652, 0.06167348, 0.0, 0.0, 0.0, 0.0, 0.0, 0.0, 0.0], [0.99581947, 0.00418053, 0.0, 0.0, 0.0, 0.0, 0.0, 0.0, 0.0], [1.0, 0.0, 0.0, 0.0, 0.0, 0.0, 0.0, 0.0, 0.0]]}, {"team": "LGD.Forever Young", "record_probs": [0.000192, 0.001511, 0.005563, 0.014733, 0.031353, 0.055554, 0.086483, 0.1175, 0.139718, 0.148356, 0.138483, 0.112058, 0.077637, 0.044277, 0.01962, 0.006046, 0.000916], "point_rank_probs": [[0.0, 0.0, 0.0, 0.0, 0.0, 0.0, 0.0, 0.0, 1.0], [0.0, 0.0, 0.0, 0.0, 0.0, 0.0, 0.0, 0.01323627, 0.98676373], [0.0, 0.0, 0.0, 0.0, 0.0, 0.0, 0.00017976, 0.1358979, 0.86392234], [0.0, 0.0, 0.0, 0.0, 0.0, 0.0, 0.01547546, 0.38322134, 0.6013032], [0.0, 0.0, 0.0, 0.0, 0.0, 0.00261538, 0.1325232, 0.57165184, 0.29320958], [0.0, 0.0, 0.0, 0.0, 0.00068402, 0.0534255, 0.39028693, 0.4784714, 0.07713216], [0.0, 0.0, 0.0, 0.00030064, 0.02702265, 0.27445856, 0.50330123, 0.1866494, 0.00826752], [0.0, 0.0, 0.00018723, 0.0187234, 0.20717447, 0.48879149, 0.25961702, 0.0253617, 0.00014468], [0.0, 0.00024335, 0.01646889, 0.18628953, 0.46258177, 0.29545227, 0.03850613, 0.00045807, 0.0], [0.00020222, 0.01613686, 0.17699318, 0.44913586, 0.30807652, 0.04852517, 0.00093019, 0.0, 0.0], [0.01226143, 0.16406346, 0.44924648, 0.31850119, 0.0547143, 0.00121315, 0.0, 0.0, 0.0], [0.11853683, 0.45780756, 0.35922469, 0.06283353, 0.00159739, 0.0, 0.0, 0.0, 0.0], [0.41110553, 0.48615995, 0.10041604, 0.00231848, 0.0, 0.0, 0.0, 0.0, 0.0], [0.74725027, 0.24362536, 0.00912438, 0.0, 0.0, 0.0, 0.0, 0.0, 0.0], [0.93832824, 0.0616208, 5.097e-05, 0.0, 0.0, 0.0, 0.0, 0.0, 0.0], [0.99520344, 0.00479656, 0.0, 0.0, 0.0, 0.0, 0.0, 0.0, 0.0], [1.0, 0.0, 0.0, 0.0, 0.0, 0.0, 0.0, 0.0, 0.0]]}, {"team": "Invictus Gaming", "record_probs": [0.000372, 0.002429, 0.008654, 0.022067, 0.044041, 0.073363, 0.105321, 0.133278, 0.14702, 0.14303, 0.123476, 0.091381, 0.058775, 0.030522, 0.01224, 0.003528, 0.000503], "point_rank_probs": [[0.0, 0.0, 0.0, 0.0, 0.0, 0.0, 0.0, 0.0, 1.0], [0.0, 0.0, 0.0, 0.0, 0.0, 0.0, 0.0, 0.01811445, 0.98188555], [0.0, 0.0, 0.0, 0.0, 0.0, 0.0, 0.00023111, 0.14432632, 0.85544257], [0.0, 0.0, 0.0, 0.0, 0.0, 0.0, 0.01907826, 0.41011465, 0.57080709], [0.0, 0.0, 0.0, 0.0, 0.0, 0.00338321, 0.14688586, 0.58440998, 0.26532095], [0.0, 0.0, 0.0, 0.0, 0.0007088, 0.0570451, 0.40453635, 0.46789253, 0.06981721], [0.0, 0.0, 0.0, 0.0001899, 0.02595874, 0.27450366, 0.51007871, 0.18189155, 0.00737745], [0.0, 0.0, 0.00012755, 0.01732469, 0.20075331, 0.49441768, 0.26256396, 0.02464023, 0.00017257], [0.0, 0.00015644, 0.0155217, 0.1730989, 0.46181472, 0.30701945, 0.04183104, 0.00055775, 0.0], [0.0002517, 0.01569601, 0.16864993, 0.43681745, 0.32501573, 0.05259736, 0.00097182, 0.0, 0.0], [0.01313616, 0.16625093, 0.44625676, 0.31317827, 0.05970391, 0.00147397, 0.0, 0.0, 0.0], [0.12197284, 0.45962509, 0.35586172, 0.06054869, 0.00199166, 0.0, 0.0, 0.0, 0.0], [0.41725223, 0.48624415, 0.09435985, 0.00214377, 0.0, 0.0, 0.0, 0.0, 0.0], [0.75198218, 0.24074438, 0.00727344, 0.0, 0.0, 0.0, 0.0, 0.0, 0.0], [0.94068627, 0.05931373, 0.0, 0.0, 0.0, 0.0, 0.0, 0.0, 0.0], [0.9957483, 0.0042517, 0.0, 0.0, 0.0, 0.0, 0.0, 0.0, 0.0], [1.0, 0.0, 0.0, 0.0, 0.0, 0.0, 0.0, 0.0, 0.0]]}, {"team": "Digital Chaos", "record_probs": [0.002921, 0.013987, 0.036549, 0.068533, 0.103447, 0.131713, 0.144728, 0.142245, 0.123154, 0.095166, 0.065383, 0.03924, 0.020281, 0.008894, 0.002934, 0.000734, 9.1e-05], "point_rank_probs": [[0.0, 0.0, 0.0, 0.0, 0.0, 0.0, 0.0, 0.0, 1.0], [0.0, 0.0, 0.0, 0.0, 0.0, 0.0, 0.0, 0.0198041, 0.9801959], [0.0, 0.0, 0.0, 0.0, 0.0, 0.0, 0.00027361, 0.1561739, 0.84355249], [0.0, 0.0, 0.0, 0.0, 0.0, 0.0, 0.0204573, 0.41126173, 0.56828097], [0.0, 0.0, 0.0, 0.0, 0.0, 0.00213636, 0.14511779, 0.58191151, 0.27083434], [0.0, 0.0, 0.0, 0.0, 0.00050109, 0.04390607, 0.39945943, 0.47918581, 0.07694761], [0.0, 0.0, 0.0, 0.00016583, 0.02065253, 0.24087253, 0.53107899, 0.19817174, 0.00905837], [0.0, 0.0, 0.00013357, 0.01243629, 0.18059686, 0.47993954, 0.29649548, 0.03021547, 0.00018278], [0.0, 0.00023548, 0.01269955, 0.14428277, 0.46092697, 0.32911639, 0.05205677, 0.00068207, 0.0], [0.00022067, 0.01606666, 0.16887334, 0.40986277, 0.34263287, 0.06065191, 0.00169178, 0.0, 0.0], [0.01428506, 0.17938914, 0.45149351, 0.29298136, 0.06050502, 0.00134592, 0.0, 0.0, 0.0], [0.14074924, 0.47400612, 0.3324159, 0.05158002, 0.00124873, 0.0, 0.0, 0.0, 0.0], [0.46043095, 0.45978995, 0.07829989, 0.00147922, 0.0, 0.0, 0.0, 0.0, 0.0], [0.78333708, 0.20946706, 0.00719586, 0.0, 0.0, 0.0, 0.0, 0.0, 0.0], [0.94989775, 0.05010225, 0.0, 0.0, 0.0, 0.0, 0.0, 0.0, 0.0], [0.9986376, 0.0013624, 0.0, 0.0, 0.0, 0.0, 0.0, 0.0, 0.0], [1.0, 0.0, 0.0, 0.0, 0.0, 0.0, 0.0, 0.0, 0.0]]}, {"team": "HellRaisers", "record_probs": [0.012828, 0.045364, 0.089364, 0.130522, 0.153477, 0.154197, 0.13497, 0.10656, 0.075363, 0.047929, 0.027189, 0.013519, 0.00588, 0.002123, 0.000577, 0.000127, 1.1e-05], "point_rank_probs": [[0.0, 0.0, 0.0, 0.0, 0.0, 0.0, 0.0, 0.0, 1.0], [0.0, 0.0, 0.0, 0.0, 0.0, 0.0, 0.0, 0.01697381, 0.98302619], [0.0, 0.0, 0.0, 0.0, 0.0, 0.0, 0.00012309, 0.13831073, 0.86156618], [0.0, 0.0, 0.0, 0.0, 0.0, 0.0, 0.01159192, 0.37316314, 0.61524494], [0.0, 0.0, 0.0, 0.0, 0.0, 0.00129661, 0.10314901, 0.56890609, 0.32664829], [0.0, 0.0, 0.0, 0.0, 0.0003502, 0.03513687, 0.34038276, 0.5166832, 0.10744697], [0.0, 0.0, 0.0, 0.00010373, 0.01884122, 0.21707046, 0.50914277, 0.2399348, 0.01490702], [0.0, 0.0, 0.000122, 0.01059497, 0.1836524, 0.46536224, 0.30054429, 0.03932995, 0.00039414], [0.0, 0.00014596, 0.01280469, 0.14097103, 0.47600281, 0.31690617, 0.05209453, 0.0010748, 0.0], [0.0002921, 0.01980012, 0.18354232, 0.40188612, 0.3390223, 0.05416345, 0.00129358, 0.0, 0.0], [0.01883114, 0.20467836, 0.45654493, 0.26286366, 0.0558314, 0.00125051, 0.0, 0.0, 0.0], [0.16162438, 0.48420741, 0.31318885, 0.04001775, 0.00096161, 0.0, 0.0, 0.0, 0.0], [0.48044218, 0.44778912, 0.07057823, 0.00119048, 0.0, 0.0, 0.0, 0.0, 0.0], [0.77626001, 0.21855864, 0.00518135, 0.0, 0.0, 0.0, 0.0, 0.0, 0.0], [0.95320624, 0.04679376, 0.0, 0.0, 0.0, 0.0, 0.0, 0.0, 0.0], [1.0, 0.0, 0.0, 0.0, 0.0, 0.0, 0.0, 0.0, 0.0], [1.0, 0.0, 0.0, 0.0, 0.0, 0.0, 0.0, 0.0, 0.0]]}, {"team": "Execration", "record_probs": [0.0353, 0.093716, 0.143973, 0.166684, 0.161139, 0.135383, 0.103066, 0.070122, 0.043825, 0.024845, 0.012846, 0.005791, 0.002379, 0.000717, 0.000178, 3.2e-05, 4e-06], "point_rank_probs": [[0.0, 0.0, 0.0, 0.0, 0.0, 0.0, 0.0, 0.0, 1.0], [0.0, 0.0, 0.0, 0.0, 0.0, 0.0, 0.0, 0.00663707, 0.99336293], [0.0, 0.0, 0.0, 0.0, 0.0, 0.0, 5.557e-05, 0.08207094, 0.91787349], [0.0, 0.0, 0.0, 0.0, 0.0, 0.0, 0.00878309, 0.26803412, 0.72318279], [0.0, 0.0, 0.0, 0.0, 6.21e-06, 0.0012784, 0.08538591, 0.48697088, 0.42635861], [0.0, 0.0, 0.0, 0.0, 0.00025114, 0.03241914, 0.31112474, 0.50162133, 0.15458366], [0.0, 0.0, 0.0, 7.762e-05, 0.02007452, 0.21918965, 0.49216036, 0.24313547, 0.02536239], [0.0, 0.0, 0.00011409, 0.01190782, 0.19751291, 0.46533185, 0.28603006, 0.03837597, 0.0007273], [0.0, 0.00027382, 0.01679407, 0.15536794, 0.48292071, 0.29743297, 0.0459555, 0.00125499, 0.0], [0.0002415, 0.02519622, 0.20664118, 0.40297847, 0.31793117, 0.04608573, 0.00092574, 0.0, 0.0], [0.02491048, 0.22909855, 0.45508329, 0.2413981, 0.04865328, 0.0008563, 0.0, 0.0, 0.0], [0.18062511, 0.49438784, 0.28561561, 0.03729926, 0.00207218, 0.0, 0.0, 0.0, 0.0], [0.50399327, 0.42875158, 0.06389239, 0.00336276, 0.0, 0.0, 0.0, 0.0, 0.0], [0.79497908, 0.19804742, 0.0069735, 0.0, 0.0, 0.0, 0.0, 0.0, 0.0], [0.94382022, 0.05617978, 0.0, 0.0, 0.0, 0.0, 0.0, 0.0, 0.0], [1.0, 0.0, 0.0, 0.0, 0.0, 0.0, 0.0, 0.0, 0.0], [1.0, 0.0, 0.0, 0.0, 0.0, 0.0, 0.0, 0.0, 0.0]]}]}, "tiebreak": {"a": {"3": [0.19822000000017756, 0.10690500000008625, 0.02554000000000489, 0.003281000000000111, 0.0002149999999999995, 1e-05, 0, 0], "7": [0.15999900000013934, 0.026994000000006343, 0.0035100000000001415, 0.0003740000000000026, 0, 0, 0, 0]}, "b": {"3": [0.20043200000017977, 0.1112560000000906, 0.027004000000006353, 0.003430000000000131, 0.0002149999999999995, 1e-05, 0, 0], "7": [0.15022400000012956, 0.02218300000000153, 0.0027180000000000364, 0.00024099999999999943, 0, 0, 0, 0]}}, "matches": {"a": [[{"teams": ["Evil Geniuses", "TNC Pro Team"], "result": -1, "probs": [0.4148, 0.4214, 0.1638]}, {"teams": ["Team Liquid", "iG Vitality"], "result": -1, "probs": [0.5643, 0.3473, 0.0884]}, {"teams": ["LGD", "Fnatic"], "result": -1, "probs": [0.4285, 0.4161, 0.1553]}, {"teams": ["Team Secret", "Team Empire"], "result": -1, "probs": [0.4326, 0.4145, 0.1529]}, {"teams": ["Team Secret", "Infamous"], "result": -1, "probs": [0.5969, 0.327, 0.0761]}, {"teams": ["Team Liquid", "Fnatic"], "result": -1, "probs": [0.6154, 0.315, 0.0697]}, {"teams": ["LGD", "Team Empire"], "result": -1, "probs": [0.3749, 0.4346, 0.1905]}, {"teams": ["Evil Geniuses", "iG Vitality"], "result": -1, "probs": [0.5339, 0.3651, 0.1011]}, {"teams": ["Evil Geniuses", "Team Liquid"], "result": -1, "probs": [0.2491, 0.4487, 0.3021]}, {"teams": ["LGD", "Team Secret"], "result": -1, "probs": [0.2273, 0.4455, 0.3273]}, {"teams": ["TNC Pro Team", "Fnatic"], "result": -1, "probs": [0.4379, 0.4123, 0.1498]}, {"teams": ["Team Empire", "Infamous"], "result": -1, "probs": [0.4314, 0.415, 0.1536]}], [{"teams": ["Team Secret", "TNC Pro Team"], "result": -1, "probs": [0.3186, 0.4468, 0.2346]}, {"teams": ["LGD", "iG Vitality"], "result": -1, "probs": [0.3759, 0.4343, 0.1898]}, {"teams": ["Evil Geniuses", "Team Empire"], "result": -1, "probs": [0.5328, 0.3656, 0.1015]}, {"teams": ["Team Liquid", "Infamous"], "result": -1, "probs": [0.7133, 0.2453, 0.0414]}, {"teams": ["Team Liquid", "LGD"], "result": -1, "probs": [0.455, 0.405, 0.14]}, {"teams": ["Team Secret", "iG Vitality"], "result": -1, "probs": [0.4337, 0.4141, 0.1523]}, {"teams": ["TNC Pro Team", "Team Empire"], "result": -1, "probs": [0.384, 0.4319, 0.1841]}, {"teams": ["Fnatic", "Infamous"], "result": -1, "probs": [0.3777, 0.4338, 0.1885]}], [{"teams": ["Evil Geniuses", "Team Secret"], "result": -1, "probs": [0.3667, 0.4369, 0.1965]}, {"teams": ["TNC Pro Team", "iG Vitality"], "result": -1, "probs": [0.3851, 0.4316, 0.1834]}, {"teams": ["Fnatic", "Team Empire"], "result": -1, "probs": [0.2304, 0.4461, 0.3235]}, {"teams": ["LGD", "Infamous"], "result": -1, "probs": [0.5401, 0.3615, 0.0984]}, {"teams": ["Team Secret", "Fnatic"], "result": -1, "probs": [0.4872, 0.3898, 0.123]}, {"teams": ["Team Liquid", "TNC Pro Team"], "result": -1, "probs": [0.4456, 0.4091, 0.1453]}, {"teams": ["iG Vitality", "Team Empire"], "result": -1, "probs": [0.2741, 0.45, 0.2759]}, {"teams": ["Evil Geniuses", "Infamous"], "result": -1, "probs": [0.6875, 0.2645, 0.048]}, {"teams": ["Evil Geniuses", "LGD"], "result": -1, "probs": [0.4241, 0.4179, 0.158]}, {"teams": ["Team Liquid", "Team Empire"], "result": -1, "probs": [0.5633, 0.3479, 0.0888]}, {"teams": ["iG Vitality", "Fnatic"], "result": -1, "probs": [0.3225, 0.4462, 0.2312]}, {"teams": ["TNC Pro Team", "Infamous"], "result": -1, "probs": [0.5493, 0.3562, 0.0945]}], [{"teams": ["Team Liquid", "Team Secret"], "result": -1, "probs": [0.3968, 0.4278, 0.1754]}, {"teams": ["Evil Geniuses", "Fnatic"], "result": -1, "probs": [0.586, 0.3339, 0.0801]}, {"teams": ["LGD", "TNC Pro Team"], "result": -1, "probs": [0.267, 0.4499, 0.2831]}, {"teams": ["iG Vitality", "Infamous"], "result": -1, "probs": [0.4303, 0.4154, 0.1542]}]], "b": [[{"teams": ["OG", "Cloud9"], "result": -1, "probs": [0.2809, 0.4499, 0.2692]}, {"teams": ["Newbee", "Invictus Gaming"], "result": -1, "probs": [0.3579, 0.4391, 0.203]}, {"teams": ["Virtus.pro", "Digital Chaos"], "result": -1, "probs": [0.5493, 0.3562, 0.0945]}, {"teams": ["LGD.Forever Young", "Execration"], "result": -1, "probs": [0.5998, 0.3251, 0.0751]}, {"teams": ["Newbee", "Cloud9"], "result": -1, "probs": [0.2773, 0.45, 0.2727]}, {"teams": ["OG", "Digital Chaos"], "result": -1, "probs": [0.4759, 0.3954, 0.1288]}, {"teams": ["Virtus.pro", "Execration"], "result": -1, "probs": [0.7176, 0.242, 0.0404]}, {"teams": ["LGD.Forever Young", "HellRaisers"], "result": -1, "probs": [0.5236, 0.3707, 0.1056]}], [{"teams": ["Newbee", "OG"], "result": -1, "probs": [0.2714, 0.45, 0.2786]}, {"teams": ["Virtus.pro", "LGD.Forever Young"], "result": -1, "probs": [0.3989, 0.4271, 0.174]}, {"teams": ["Invictus Gaming", "Digital Chaos"], "result": -1, "probs": [0.3812, 0.4327, 0.1861]}, {"teams": ["Execration", "HellRaisers"], "result": -1, "probs": [0.2124, 0.442, 0.3456]}, {"teams": ["Virtus.pro", "Cloud9"], "result": -1, "probs": [0.3479, 0.4415, 0.2107]}, {"teams": ["LGD.Forever Young", "Invictus Gaming"], "result": -1, "probs": [0.3063, 0.4483, 0.2454]}, {"teams": ["Newbee", "Execration"], "result": -1, "probs": [0.6511, 0.2907, 0.0583]}, {"teams": ["OG", "HellRaisers"], "result": -1, "probs": [0.5821, 0.3364, 0.0815]}, {"teams": ["OG", "Virtus.pro"], "result": -1, "probs": [0.2158, 0.4428, 0.3414]}, {"teams": ["LGD.Forever Young", "Cloud9"], "result": -1, "probs": [0.2317, 0.4463, 0.322]}, {"teams": ["Invictus Gaming", "Execration"], "result": -1, "probs": [0.5656, 0.3465, 0.0879]}, {"teams": ["Digital Chaos", "HellRaisers"], "result": -1, "probs": [0.3736, 0.4349, 0.1914]}], [{"teams": ["Newbee", "LGD.Forever Young"], "result": -1, "probs": [0.3244, 0.4459, 0.2297]}, {"teams": ["Invictus Gaming", "Cloud9"], "result": -1, "probs": [0.2049, 0.4397, 0.3553]}, {"teams": ["Digital Chaos", "Execration"], "result": -1, "probs": [0.4509, 0.4068, 0.1423]}, {"teams": ["Virtus.pro", "HellRaisers"], "result": -1, "probs": [0.6508, 0.2908, 0.0584]}, {"teams": ["OG", "Invictus Gaming"], "result": -1, "probs": [0.3619, 0.4381, 0.2]}, {"teams": ["LGD.Forever Young", "Digital Chaos"], "result": -1, "probs": [0.4162, 0.4209, 0.1629]}, {"teams": ["Cloud9", "Execration"], "result": -1, "probs": [0.6487, 0.2923, 0.059]}, {"teams": ["Newbee", "HellRaisers"], "result": -1, "probs": [0.5781, 0.3389, 0.0831]}], [{"teams": ["Newbee", "Virtus.pro"], "result": -1, "probs": [0.2126, 0.442, 0.3454]}, {"teams": ["OG", "Execration"], "result": -1, "probs": [0.6548, 0.288, 0.0572]}, {"teams": ["Cloud9", "Digital Chaos"], "result": -1, "probs": [0.469, 0.3986, 0.1324]}, {"teams": ["Invictus Gaming", "HellRaisers"], "result": -1, "probs": [0.4881, 0.3894, 0.1225]}, {"teams": ["OG", "LGD.Forever Young"], "result": -1, "probs": [0.3283, 0.4453, 0.2264]}, {"teams": ["Newbee", "Digital Chaos"], "result": -1, "probs": [0.4717, 0.3974, 0.131]}, {"teams": ["Virtus.pro", "Invictus Gaming"], "result": -1, "probs": [0.4342, 0.4139, 0.1519]}, {"teams": ["Cloud9", "HellRaisers"], "result": -1, "probs": [0.5755, 0.3405, 0.084]}]]}}, "records": {"Evil Geniuses": [0, 0, 0], "Team Liquid": [0, 0, 0], "Team Secret": [0, 0, 0], "Team Empire": [0, 0, 0], "LGD": [0, 0, 0], "TNC Pro Team": [0, 0, 0], "Fnatic": [0, 0, 0], "Infamous": [0, 0, 0], "iG Vitality": [0, 0, 0], "Invictus Gaming": [0, 0, 0], "Virtus.pro": [0, 0, 0], "OG": [0, 0, 0], "Newbee": [0, 0, 0], "Cloud9": [0, 0, 0], "Execration": [0, 0, 0], "HellRaisers": [0, 0, 0], "LGD.Forever Young": [0, 0, 0], "Digital Chaos": [0, 0, 0]}, "ratings": {"Evil Geniuses": "1983", "Team Liquid": "2001", "Team Secret": "1927", "Team Empire": "1832", "LGD": "1893", "TNC Pro Team": "1899", "Fnatic": "1801", "Infamous": "1738", "iG Vitality": "1831", "Invictus Gaming": "1893", "Virtus.pro": "1989", "OG": "1947", "Newbee": "1945", "Cloud9": "1943", "Execration": "1722", "HellRaisers": "1767", "LGD.Forever Young": "1913", "Digital Chaos": "1828"}, "timestamp": "2021-10-24 23:00", "n_samples": 1000000, "model_version": "0.1"}