{"probs": {"group_rank": {"a": [{"team": "Team Secret", "probs": [0.503666, 0.228014, 0.12638, 0.076032, 0.033184, 0.019589, 0.009222, 0.003407, 0.000506]}, {"team": "PSG.LGD", "probs": [0.180662, 0.226161, 0.190101, 0.15374, 0.101759, 0.072429, 0.045085, 0.023848, 0.006215]}, {"team": "Newbee", "probs": [0.097454, 0.150777, 0.169613, 0.169299, 0.143764, 0.117979, 0.083992, 0.050845, 0.016277]}, {"team": "Team Liquid", "probs": [0.083984, 0.136095, 0.159187, 0.164271, 0.15044, 0.12733, 0.094947, 0.06125, 0.022496]}, {"team": "TNC Predator", "probs": [0.08065, 0.134955, 0.157829, 0.164205, 0.151603, 0.127686, 0.096155, 0.062509, 0.024408]}, {"team": "Alliance", "probs": [0.030033, 0.06258, 0.092494, 0.11946, 0.155864, 0.169885, 0.163264, 0.137054, 0.069366]}, {"team": "Chaos Esports Club", "probs": [0.012657, 0.031419, 0.051946, 0.073027, 0.116943, 0.152211, 0.19228, 0.213462, 0.156055]}, {"team": "Keen Gaming", "probs": [0.009455, 0.024817, 0.041837, 0.061393, 0.103434, 0.1409, 0.189821, 0.231613, 0.19673]}, {"team": "Mineski", "probs": [0.001439, 0.005182, 0.010613, 0.018573, 0.043009, 0.071991, 0.125234, 0.216012, 0.507947]}], "b": [{"team": "Evil Geniuses", "probs": [0.252356, 0.198621, 0.160269, 0.131789, 0.089772, 0.069702, 0.050297, 0.032985, 0.014209]}, {"team": "Virtus.pro", "probs": [0.240255, 0.19648, 0.161021, 0.134627, 0.092544, 0.072494, 0.052778, 0.034803, 0.014998]}, {"team": "Vici Gaming", "probs": [0.171535, 0.167182, 0.156511, 0.142062, 0.112929, 0.094235, 0.07389, 0.053918, 0.027738]}, {"team": "OG", "probs": [0.130891, 0.142251, 0.14515, 0.142076, 0.124943, 0.10939, 0.091105, 0.071331, 0.042863]}, {"team": "Ninjas in Pyjamas", "probs": [0.068346, 0.091146, 0.10869, 0.12209, 0.136938, 0.137353, 0.132072, 0.118416, 0.084949]}, {"team": "Fnatic", "probs": [0.058047, 0.07967, 0.097243, 0.112102, 0.132076, 0.138478, 0.140166, 0.134112, 0.108106]}, {"team": "Royal Never Give Up", "probs": [0.038215, 0.05739, 0.075064, 0.089977, 0.120779, 0.138576, 0.155823, 0.166926, 0.15725]}, {"team": "Natus Vincere", "probs": [0.0274, 0.043609, 0.05971, 0.075623, 0.107267, 0.12959, 0.156239, 0.184576, 0.215986]}, {"team": "Infamous", "probs": [0.012955, 0.023651, 0.036342, 0.049654, 0.082752, 0.110182, 0.14763, 0.202933, 0.333901]}]}, "final_rank": [{"team": "Team Secret", "probs": [0.000506, 0.01977, 0.061473, 0.060829, 0.10786, 0.078582, 0.105187, 0.16327, 0.402523]}, {"team": "PSG.LGD", "probs": [0.006215, 0.094245, 0.163777, 0.121379, 0.165864, 0.097083, 0.110947, 0.126466, 0.114024]}, {"team": "Evil Geniuses", "probs": [0.014209, 0.091911, 0.181516, 0.133632, 0.167908, 0.097593, 0.10521, 0.112579, 0.095442]}, {"team": "Virtus.pro", "probs": [0.014998, 0.09581, 0.186642, 0.135233, 0.169115, 0.097422, 0.103139, 0.108876, 0.088765]}, {"team": "Vici Gaming", "probs": [0.027738, 0.137471, 0.222148, 0.143666, 0.161404, 0.08498, 0.084036, 0.080404, 0.058153]}, {"team": "Newbee", "probs": [0.016277, 0.171725, 0.225856, 0.138262, 0.157677, 0.080093, 0.081306, 0.075838, 0.052966]}, {"team": "Team Liquid", "probs": [0.022496, 0.192517, 0.23856, 0.138262, 0.151004, 0.074218, 0.07279, 0.066341, 0.043812]}, {"team": "TNC Predator", "probs": [0.024408, 0.195738, 0.240537, 0.138126, 0.150151, 0.073221, 0.072203, 0.064807, 0.040809]}, {"team": "OG", "probs": [0.042863, 0.170559, 0.244797, 0.144302, 0.149942, 0.074659, 0.070037, 0.062714, 0.040127]}, {"team": "Ninjas in Pyjamas", "probs": [0.084949, 0.248489, 0.277783, 0.133584, 0.114227, 0.049504, 0.042373, 0.032627, 0.016464]}, {"team": "Fnatic", "probs": [0.108106, 0.265721, 0.276855, 0.12633, 0.103213, 0.043323, 0.035979, 0.027016, 0.013457]}, {"team": "Alliance", "probs": [0.069366, 0.320679, 0.280709, 0.120385, 0.098744, 0.0399, 0.033648, 0.024826, 0.011743]}, {"team": "Royal Never Give Up", "probs": [0.15725, 0.299907, 0.272951, 0.109107, 0.079451, 0.031359, 0.02498, 0.017289, 0.007706]}, {"team": "Natus Vincere", "probs": [0.215986, 0.309778, 0.256081, 0.093955, 0.064089, 0.024055, 0.018632, 0.012383, 0.005041]}, {"team": "Chaos Esports Club", "probs": [0.156055, 0.384014, 0.262603, 0.087448, 0.058664, 0.0208, 0.016042, 0.010386, 0.003988]}, {"team": "Keen Gaming", "probs": [0.19673, 0.389219, 0.24851, 0.077481, 0.048343, 0.016618, 0.012296, 0.007882, 0.002921]}, {"team": "Infamous", "probs": [0.333901, 0.311163, 0.218376, 0.068184, 0.039214, 0.01308, 0.009041, 0.005274, 0.001767]}, {"team": "Mineski", "probs": [0.507947, 0.301284, 0.140826, 0.029835, 0.01313, 0.00351, 0.002154, 0.001022, 0.000292]}], "record": {"a": [{"team": "Team Secret", "record_probs": [0.0, 4e-06, 4.3e-05, 0.000162, 0.000694, 0.002226, 0.006266, 0.014925, 0.031947, 0.059517, 0.098383, 0.143132, 0.177716, 0.187175, 0.155397, 0.092403, 0.03001], "point_rank_probs": [[0.0, 0.0, 0.0, 0.0, 0.0, 0.0, 0.0, 0.0, 0.0], [0.0, 0.0, 0.0, 0.0, 0.0, 0.0, 0.0, 0.25, 0.75], [0.0, 0.0, 0.0, 0.0, 0.0, 0.0, 0.0, 0.20930233, 0.79069767], [0.0, 0.0, 0.0, 0.0, 0.0, 0.0, 0.01234568, 0.42592593, 0.5617284], [0.0, 0.0, 0.0, 0.0, 0.0, 0.00432277, 0.13688761, 0.62680115, 0.23198847], [0.0, 0.0, 0.0, 0.0, 0.00044924, 0.04806828, 0.37106918, 0.50089847, 0.07951482], [0.0, 0.0, 0.0, 0.00015959, 0.02521545, 0.25327162, 0.50223428, 0.21289499, 0.00622407], [0.0, 0.0, 0.00020101, 0.03008375, 0.20462312, 0.47075377, 0.26592965, 0.02834171, 6.7e-05], [0.0, 0.00034432, 0.0255423, 0.24847404, 0.41553197, 0.27320249, 0.03624753, 0.00065734, 0.0], [0.00030243, 0.02194331, 0.21005763, 0.5017054, 0.23028714, 0.03528404, 0.00042005, 0.0, 0.0], [0.01548032, 0.1860484, 0.46584268, 0.30273523, 0.02950713, 0.00038625, 0.0, 0.0, 0.0], [0.13205293, 0.46879803, 0.34535953, 0.05318168, 0.00060783, 0.0, 0.0, 0.0, 0.0], [0.42404736, 0.4816505, 0.09211889, 0.00218326, 0.0, 0.0, 0.0, 0.0, 0.0], [0.74872713, 0.24372913, 0.00754374, 0.0, 0.0, 0.0, 0.0, 0.0, 0.0], [0.93766932, 0.06224702, 8.366e-05, 0.0, 0.0, 0.0, 0.0, 0.0, 0.0], [0.99563867, 0.00436133, 0.0, 0.0, 0.0, 0.0, 0.0, 0.0, 0.0], [1.0, 0.0, 0.0, 0.0, 0.0, 0.0, 0.0, 0.0, 0.0]]}, {"team": "PSG.LGD", "record_probs": [2e-05, 0.000158, 0.000873, 0.003055, 0.008362, 0.019387, 0.038299, 0.066509, 0.100927, 0.135428, 0.159077, 0.16015, 0.136035, 0.095703, 0.052291, 0.019828, 0.003898], "point_rank_probs": [[0.0, 0.0, 0.0, 0.0, 0.0, 0.0, 0.0, 0.0, 1.0], [0.0, 0.0, 0.0, 0.0, 0.0, 0.0, 0.0, 0.0443038, 0.9556962], [0.0, 0.0, 0.0, 0.0, 0.0, 0.0, 0.0, 0.15234822, 0.84765178], [0.0, 0.0, 0.0, 0.0, 0.0, 0.0, 0.01472995, 0.4111293, 0.57414075], [0.0, 0.0, 0.0, 0.0, 0.0, 0.00358766, 0.13597226, 0.60380292, 0.25663717], [0.0, 0.0, 0.0, 0.0, 0.00103162, 0.06096869, 0.39541961, 0.48016712, 0.06241296], [0.0, 0.0, 0.0, 0.00096608, 0.03485731, 0.28974647, 0.49395546, 0.17548761, 0.00498708], [0.0, 0.0, 0.00054128, 0.03607031, 0.24574118, 0.47864199, 0.2188576, 0.02010254, 4.511e-05], [0.0, 0.00043596, 0.02900116, 0.2564725, 0.44872036, 0.23838022, 0.02663311, 0.00035669, 0.0], [0.00010338, 0.02032076, 0.21467496, 0.49150102, 0.24229111, 0.03055498, 0.0005538, 0.0, 0.0], [0.00714748, 0.16723976, 0.48256505, 0.3060719, 0.03641633, 0.00055948, 0.0, 0.0, 0.0], [0.07434905, 0.47182017, 0.39168904, 0.06110521, 0.00103653, 0.0, 0.0, 0.0, 0.0], [0.29397582, 0.5765281, 0.12670269, 0.0027934, 0.0, 0.0, 0.0, 0.0, 0.0], [0.61207068, 0.37405306, 0.01386581, 1.045e-05, 0.0, 0.0, 0.0, 0.0, 0.0], [0.87154577, 0.12830124, 0.00015299, 0.0, 0.0, 0.0, 0.0, 0.0, 0.0], [0.9866855, 0.0133145, 0.0, 0.0, 0.0, 0.0, 0.0, 0.0, 0.0], [1.0, 0.0, 0.0, 0.0, 0.0, 0.0, 0.0, 0.0, 0.0]]}, {"team": "Newbee", "record_probs": [7.7e-05, 0.000673, 0.003028, 0.009262, 0.022038, 0.04358, 0.073995, 0.108232, 0.137673, 0.154244, 0.150297, 0.1247, 0.088882, 0.051368, 0.023458, 0.007329, 0.001164], "point_rank_probs": [[0.0, 0.0, 0.0, 0.0, 0.0, 0.0, 0.0, 0.0, 1.0], [0.0, 0.0, 0.0, 0.0, 0.0, 0.0, 0.0, 0.01931649, 0.98068351], [0.0, 0.0, 0.0, 0.0, 0.0, 0.0, 0.0, 0.15587847, 0.84412153], [0.0, 0.0, 0.0, 0.0, 0.0, 0.0, 0.02116174, 0.42301879, 0.55581948], [0.0, 0.0, 0.0, 0.0, 0.0, 0.00394773, 0.15151103, 0.60863055, 0.2359107], [0.0, 0.0, 0.0, 0.0, 0.00100964, 0.06936668, 0.41948141, 0.4574346, 0.05270766], [0.0, 0.0, 0.0, 0.00089195, 0.04028651, 0.31796743, 0.48415433, 0.15219947, 0.0045003], [0.0, 0.0, 0.0003511, 0.03212543, 0.25662466, 0.4839881, 0.21027053, 0.0165755, 6.468e-05], [0.0, 0.00028328, 0.0238391, 0.2407589, 0.46521104, 0.24405657, 0.02557509, 0.00027602, 0.0], [4.538e-05, 0.01529395, 0.19793963, 0.48238505, 0.26989056, 0.03397863, 0.00046679, 0.0, 0.0], [0.00620771, 0.14748797, 0.47205866, 0.32634717, 0.04712004, 0.00077846, 0.0, 0.0, 0.0], [0.07288693, 0.44105052, 0.4135846, 0.07082598, 0.00165196, 0.0, 0.0, 0.0, 0.0], [0.29136383, 0.56497379, 0.14002835, 0.00363403, 0.0, 0.0, 0.0, 0.0, 0.0], [0.62778383, 0.35681747, 0.01537922, 1.947e-05, 0.0, 0.0, 0.0, 0.0, 0.0], [0.88907835, 0.11079376, 0.00012789, 0.0, 0.0, 0.0, 0.0, 0.0, 0.0], [0.99058535, 0.00941465, 0.0, 0.0, 0.0, 0.0, 0.0, 0.0, 0.0], [1.0, 0.0, 0.0, 0.0, 0.0, 0.0, 0.0, 0.0, 0.0]]}, {"team": "Team Liquid", "record_probs": [0.000145, 0.001205, 0.004559, 0.012502, 0.027972, 0.052785, 0.083278, 0.115659, 0.142077, 0.152574, 0.142493, 0.114912, 0.079268, 0.044326, 0.019338, 0.005973, 0.000934], "point_rank_probs": [[0.0, 0.0, 0.0, 0.0, 0.0, 0.0, 0.0, 0.0, 1.0], [0.0, 0.0, 0.0, 0.0, 0.0, 0.0, 0.0, 0.01327801, 0.98672199], [0.0, 0.0, 0.0, 0.0, 0.0, 0.0, 0.00065804, 0.15091029, 0.84843167], [0.0, 0.0, 0.0, 0.0, 0.0, 0.0, 0.02047672, 0.41953287, 0.5599904], [0.0, 0.0, 0.0, 0.0, 0.0, 0.00389675, 0.1528314, 0.59756185, 0.24571], [0.0, 0.0, 0.0, 0.0, 0.00117458, 0.07109974, 0.4179407, 0.45200341, 0.05778157], [0.0, 0.0, 0.0, 0.00069646, 0.04085113, 0.31523331, 0.48605874, 0.15280146, 0.00435889], [0.0, 0.0, 0.00035449, 0.03146318, 0.25488721, 0.48778737, 0.20850085, 0.01694637, 6.052e-05], [0.0, 0.00025338, 0.02226961, 0.22965716, 0.47338415, 0.24837236, 0.02576772, 0.00029561, 0.0], [5.243e-05, 0.01488458, 0.1917037, 0.47584123, 0.28145687, 0.03541888, 0.00064231, 0.0, 0.0], [0.00578274, 0.14637912, 0.47104068, 0.32638095, 0.0496656, 0.00075091, 0.0, 0.0, 0.0], [0.07027987, 0.43929268, 0.41421261, 0.07430904, 0.00190581, 0.0, 0.0, 0.0, 0.0], [0.29187062, 0.56194177, 0.14244083, 0.00374678, 0.0, 0.0, 0.0, 0.0, 0.0], [0.63039751, 0.35329152, 0.01628841, 2.256e-05, 0.0, 0.0, 0.0, 0.0, 0.0], [0.88680319, 0.11309339, 0.00010342, 0.0, 0.0, 0.0, 0.0, 0.0, 0.0], [0.99012222, 0.00987778, 0.0, 0.0, 0.0, 0.0, 0.0, 0.0, 0.0], [1.0, 0.0, 0.0, 0.0, 0.0, 0.0, 0.0, 0.0, 0.0]]}, {"team": "TNC Predator", "record_probs": [0.000185, 0.00122, 0.004749, 0.013445, 0.029345, 0.053191, 0.085043, 0.116914, 0.141831, 0.152085, 0.141866, 0.114256, 0.078184, 0.042888, 0.01844, 0.005506, 0.000852], "point_rank_probs": [[0.0, 0.0, 0.0, 0.0, 0.0, 0.0, 0.0, 0.0, 1.0], [0.0, 0.0, 0.0, 0.0, 0.0, 0.0, 0.0, 0.01885246, 0.98114754], [0.0, 0.0, 0.0, 0.0, 0.0, 0.0, 0.00021057, 0.14297747, 0.85681196], [0.0, 0.0, 0.0, 0.0, 0.0, 0.0, 0.01799926, 0.40535515, 0.57664559], [0.0, 0.0, 0.0, 0.0, 0.0, 0.00354404, 0.14619186, 0.59154882, 0.25871528], [0.0, 0.0, 0.0, 0.0, 0.00120321, 0.06909064, 0.41860465, 0.45058375, 0.06051776], [0.0, 0.0, 0.0, 0.00068201, 0.03989746, 0.31748645, 0.48326141, 0.15414555, 0.00452712], [0.0, 0.0, 0.0003849, 0.03154455, 0.25809569, 0.4837915, 0.21002617, 0.01608875, 6.843e-05], [0.0, 0.00023267, 0.02220953, 0.22956899, 0.47682806, 0.24524258, 0.02562909, 0.00028908, 0.0], [8.548e-05, 0.01461683, 0.19122859, 0.47477398, 0.28314429, 0.03570372, 0.00044712, 0.0, 0.0], [0.0058083, 0.14424175, 0.46713095, 0.33197524, 0.0499133, 0.00093046, 0.0, 0.0, 0.0], [0.06986066, 0.43968807, 0.41631949, 0.07239007, 0.0017417, 0.0, 0.0, 0.0, 0.0], [0.29003377, 0.56460401, 0.14119257, 0.00416965, 0.0, 0.0, 0.0, 0.0, 0.0], [0.62066312, 0.36362153, 0.01571535, 0.0, 0.0, 0.0, 0.0, 0.0, 0.0], [0.88172451, 0.11822126, 5.423e-05, 0.0, 0.0, 0.0, 0.0, 0.0, 0.0], [0.98528878, 0.01471122, 0.0, 0.0, 0.0, 0.0, 0.0, 0.0, 0.0], [1.0, 0.0, 0.0, 0.0, 0.0, 0.0, 0.0, 0.0, 0.0]]}, {"team": "Alliance", "record_probs": [0.001069, 0.00611, 0.018708, 0.041782, 0.073353, 0.108128, 0.13532, 0.148611, 0.143876, 0.122754, 0.090406, 0.058282, 0.031347, 0.014132, 0.004838, 0.001099, 0.000185], "point_rank_probs": [[0.0, 0.0, 0.0, 0.0, 0.0, 0.0, 0.0, 0.0, 1.0], [0.0, 0.0, 0.0, 0.0, 0.0, 0.0, 0.0, 0.02013093, 0.97986907], [0.0, 0.0, 0.0, 0.0, 0.0, 0.0, 0.00058798, 0.16917896, 0.83023306], [0.0, 0.0, 0.0, 0.0, 0.0, 0.0, 0.02223446, 0.43545067, 0.54231487], [0.0, 0.0, 0.0, 0.0, 0.0, 0.00413071, 0.15924366, 0.60009816, 0.23652748], [0.0, 0.0, 0.0, 0.0, 0.00112829, 0.07161882, 0.42547721, 0.44596219, 0.05581348], [0.0, 0.0, 0.0, 0.00034732, 0.03533846, 0.3122081, 0.49428761, 0.15249778, 0.00532072], [0.0, 0.0, 0.0003028, 0.02235366, 0.23831345, 0.49805869, 0.22310596, 0.01777123, 9.421e-05], [0.0, 0.00020156, 0.0170216, 0.1893436, 0.48478551, 0.27688426, 0.03138119, 0.00038227, 0.0], [4.073e-05, 0.01388142, 0.17001483, 0.44495495, 0.32474706, 0.04571745, 0.00064356, 0.0, 0.0], [0.00600624, 0.1419043, 0.45676172, 0.32987855, 0.06407761, 0.00137159, 0.0, 0.0, 0.0], [0.07834323, 0.44128547, 0.40443018, 0.07357332, 0.0023678, 0.0, 0.0, 0.0, 0.0], [0.31495837, 0.55118512, 0.13009219, 0.00376432, 0.0, 0.0, 0.0, 0.0, 0.0], [0.66600623, 0.32083215, 0.01316162, 0.0, 0.0, 0.0, 0.0, 0.0, 0.0], [0.90037205, 0.09942125, 0.0002067, 0.0, 0.0, 0.0, 0.0, 0.0, 0.0], [0.99454049, 0.00545951, 0.0, 0.0, 0.0, 0.0, 0.0, 0.0, 0.0], [1.0, 0.0, 0.0, 0.0, 0.0, 0.0, 0.0, 0.0, 0.0]]}, {"team": "Chaos Esports Club", "record_probs": [0.004759, 0.020796, 0.050095, 0.086803, 0.121029, 0.143895, 0.148948, 0.135754, 0.109272, 0.07936, 0.050752, 0.028074, 0.013433, 0.005164, 0.001537, 0.000301, 2.8e-05], "point_rank_probs": [[0.0, 0.0, 0.0, 0.0, 0.0, 0.0, 0.0, 0.0, 1.0], [0.0, 0.0, 0.0, 0.0, 0.0, 0.0, 0.0, 0.01904212, 0.98095788], [0.0, 0.0, 0.0, 0.0, 0.0, 0.0, 0.00017966, 0.16566524, 0.83415511], [0.0, 0.0, 0.0, 0.0, 0.0, 1.152e-05, 0.02066749, 0.42598758, 0.55333341], [0.0, 0.0, 0.0, 0.0, 0.0, 0.00280924, 0.14741095, 0.59515488, 0.25462492], [0.0, 0.0, 0.0, 0.0, 0.00083394, 0.05768095, 0.41134855, 0.46552, 0.06461656], [0.0, 0.0, 0.0, 0.00021484, 0.03062142, 0.28259527, 0.50748583, 0.172718, 0.00636464], [0.0, 0.0, 0.00016942, 0.01894603, 0.22313155, 0.48749208, 0.24821368, 0.02193674, 0.00011049], [0.0, 0.00021964, 0.01819313, 0.17323743, 0.4838751, 0.28659675, 0.0372465, 0.00063145, 0.0], [6.3e-05, 0.01536038, 0.17779738, 0.42838962, 0.32793599, 0.04931956, 0.00113407, 0.0, 0.0], [0.00849228, 0.15957992, 0.4622675, 0.30889423, 0.05942623, 0.00133985, 0.0, 0.0, 0.0], [0.08926409, 0.46259885, 0.38256038, 0.06358196, 0.00199473, 0.0, 0.0, 0.0, 0.0], [0.33775032, 0.54366113, 0.11605747, 0.00253108, 0.0, 0.0, 0.0, 0.0, 0.0], [0.66769946, 0.3197134, 0.01258714, 0.0, 0.0, 0.0, 0.0, 0.0, 0.0], [0.91346779, 0.08653221, 0.0, 0.0, 0.0, 0.0, 0.0, 0.0, 0.0], [0.99003322, 0.00996678, 0.0, 0.0, 0.0, 0.0, 0.0, 0.0, 0.0], [1.0, 0.0, 0.0, 0.0, 0.0, 0.0, 0.0, 0.0, 0.0]]}, {"team": "Keen Gaming", "record_probs": [0.007453, 0.028724, 0.063432, 0.102852, 0.134792, 0.149944, 0.146215, 0.126131, 0.096734, 0.06665, 0.04057, 0.021581, 0.009947, 0.003689, 0.001067, 0.000202, 1.7e-05], "point_rank_probs": [[0.0, 0.0, 0.0, 0.0, 0.0, 0.0, 0.0, 0.0, 1.0], [0.0, 0.0, 0.0, 0.0, 0.0, 0.0, 0.0, 0.01685002, 0.98314998], [0.0, 0.0, 0.0, 0.0, 0.0, 0.0, 0.00023647, 0.15296696, 0.84679657], [0.0, 0.0, 0.0, 0.0, 0.0, 0.0, 0.01800646, 0.40933574, 0.5726578], [0.0, 0.0, 0.0, 0.0, 0.0, 0.00239628, 0.13902902, 0.58832127, 0.27025343], [0.0, 0.0, 0.0, 0.0, 0.00080697, 0.0550072, 0.39968922, 0.47174945, 0.07274716], [0.0, 0.0, 0.0, 0.00030777, 0.02931984, 0.27778272, 0.5053859, 0.17991314, 0.00729063], [0.0, 0.0, 0.00021406, 0.01742633, 0.22393385, 0.48392544, 0.25102473, 0.02330117, 0.00017442], [0.0, 0.00017574, 0.01726384, 0.17516075, 0.48522753, 0.28396427, 0.03776335, 0.00044452, 0.0], [4.501e-05, 0.01668417, 0.18267067, 0.4304126, 0.32187547, 0.0472168, 0.00109527, 0.0, 0.0], [0.00818339, 0.1693616, 0.4614247, 0.30138033, 0.05819571, 0.00145428, 0.0, 0.0, 0.0], [0.09313748, 0.47245262, 0.37444975, 0.05861638, 0.00134377, 0.0, 0.0, 0.0, 0.0], [0.34191213, 0.54237459, 0.11299889, 0.00271439, 0.0, 0.0, 0.0, 0.0, 0.0], [0.68094335, 0.30821361, 0.01084305, 0.0, 0.0, 0.0, 0.0, 0.0, 0.0], [0.91658857, 0.08341143, 0.0, 0.0, 0.0, 0.0, 0.0, 0.0, 0.0], [1.0, 0.0, 0.0, 0.0, 0.0, 0.0, 0.0, 0.0, 0.0], [1.0, 0.0, 0.0, 0.0, 0.0, 0.0, 0.0, 0.0, 0.0]]}, {"team": "Mineski", "record_probs": [0.041663, 0.106095, 0.157044, 0.174737, 0.16257, 0.1313, 0.094482, 0.061688, 0.036245, 0.019204, 0.009079, 0.003912, 0.001456, 0.000428, 7.4e-05, 1.9e-05, 4e-06], "point_rank_probs": [[0.0, 0.0, 0.0, 0.0, 0.0, 0.0, 0.0, 0.0, 1.0], [0.0, 0.0, 0.0, 0.0, 0.0, 0.0, 0.0, 0.00570244, 0.99429756], [0.0, 0.0, 0.0, 0.0, 0.0, 0.0, 9.551e-05, 0.07196072, 0.92794376], [0.0, 0.0, 0.0, 0.0, 0.0, 0.0, 0.00984909, 0.26132416, 0.72882675], [0.0, 0.0, 0.0, 0.0, 0.0, 0.00194993, 0.10044904, 0.47938119, 0.41821984], [0.0, 0.0, 0.0, 0.0, 0.0007997, 0.04782178, 0.35134044, 0.46276466, 0.13727342], [0.0, 0.0, 0.0, 0.00015876, 0.03185792, 0.27562922, 0.48167905, 0.19292564, 0.01774941], [0.0, 0.0, 0.00025937, 0.01848009, 0.24807094, 0.47527882, 0.23320581, 0.02434833, 0.00035663], [0.0, 0.00016554, 0.02212719, 0.18587391, 0.50536626, 0.25473858, 0.0312043, 0.00052421, 0.0], [0.00010414, 0.02317226, 0.21229952, 0.4191835, 0.3033743, 0.04134555, 0.00052072, 0.0, 0.0], [0.01189558, 0.20310607, 0.46646106, 0.26853178, 0.0492345, 0.00077101, 0.0, 0.0, 0.0], [0.10224949, 0.50639059, 0.34228016, 0.04882413, 0.00025562, 0.0, 0.0, 0.0, 0.0], [0.37637363, 0.5260989, 0.09615385, 0.00137363, 0.0, 0.0, 0.0, 0.0, 0.0], [0.68691589, 0.30373832, 0.00934579, 0.0, 0.0, 0.0, 0.0, 0.0, 0.0], [0.87837838, 0.12162162, 0.0, 0.0, 0.0, 0.0, 0.0, 0.0, 0.0], [0.94736842, 0.05263158, 0.0, 0.0, 0.0, 0.0, 0.0, 0.0, 0.0], [1.0, 0.0, 0.0, 0.0, 0.0, 0.0, 0.0, 0.0, 0.0]]}], "b": [{"team": "Evil Geniuses", "record_probs": [3.7e-05, 0.000281, 0.001326, 0.004158, 0.010526, 0.022919, 0.042609, 0.070603, 0.102938, 0.134343, 0.153648, 0.153744, 0.131666, 0.093566, 0.052436, 0.020829, 0.004371], "point_rank_probs": [[0.0, 0.0, 0.0, 0.0, 0.0, 0.0, 0.0, 0.0, 1.0], [0.0, 0.0, 0.0, 0.0, 0.0, 0.0, 0.0, 0.00355872, 0.99644128], [0.0, 0.0, 0.0, 0.0, 0.0, 0.0, 0.00075415, 0.06636501, 0.93288084], [0.0, 0.0, 0.0, 0.0, 0.0, 0.0, 0.0040885, 0.24266474, 0.75324675], [0.0, 0.0, 0.0, 0.0, 0.0, 0.00076002, 0.06279688, 0.48185446, 0.45458864], [0.0, 0.0, 0.0, 0.0, 4.363e-05, 0.0277499, 0.2740521, 0.53558183, 0.16257254], [0.0, 0.0, 0.0, 0.00028163, 0.02008965, 0.20690464, 0.47654251, 0.27346335, 0.02271821], [0.0, 0.0, 0.00043907, 0.02879481, 0.20293755, 0.45156721, 0.27571066, 0.03992748, 0.0006232], [0.0, 0.00064116, 0.03275758, 0.26030232, 0.4291321, 0.24240805, 0.03408848, 0.00067031, 0.0], [0.00074436, 0.03718839, 0.26247739, 0.47299822, 0.20111952, 0.02504783, 0.00042429, 0.0, 0.0], [0.02987348, 0.25646282, 0.46702853, 0.22464985, 0.02171197, 0.00027335, 0.0, 0.0, 0.0], [0.19556536, 0.50334972, 0.26980565, 0.03090202, 0.00037725, 0.0, 0.0, 0.0, 0.0], [0.51048866, 0.42796926, 0.06050157, 0.00104051, 0.0, 0.0, 0.0, 0.0, 0.0], [0.80363594, 0.19212107, 0.00424299, 0.0, 0.0, 0.0, 0.0, 0.0, 0.0], [0.95470669, 0.04525517, 3.814e-05, 0.0, 0.0, 0.0, 0.0, 0.0, 0.0], [0.99668731, 0.00331269, 0.0, 0.0, 0.0, 0.0, 0.0, 0.0, 0.0], [1.0, 0.0, 0.0, 0.0, 0.0, 0.0, 0.0, 0.0, 0.0]]}, {"team": "Virtus.pro", "record_probs": [3.1e-05, 0.000293, 0.001401, 0.004327, 0.011233, 0.024469, 0.045052, 0.073428, 0.105946, 0.136499, 0.154561, 0.152639, 0.128401, 0.089556, 0.049293, 0.019033, 0.003838], "point_rank_probs": [[0.0, 0.0, 0.0, 0.0, 0.0, 0.0, 0.0, 0.0, 1.0], [0.0, 0.0, 0.0, 0.0, 0.0, 0.0, 0.0, 0.01365188, 0.98634812], [0.0, 0.0, 0.0, 0.0, 0.0, 0.0, 0.0, 0.06281228, 0.93718772], [0.0, 0.0, 0.0, 0.0, 0.0, 0.0, 0.0067021, 0.24358678, 0.74971112], [0.0, 0.0, 0.0, 0.0, 0.0, 0.00071219, 0.06721268, 0.47253628, 0.45953886], [0.0, 0.0, 0.0, 0.0, 0.00028608, 0.02909804, 0.2754097, 0.53712861, 0.15807757], [0.0, 0.0, 0.0, 0.00028856, 0.01997692, 0.20840362, 0.47853591, 0.26959957, 0.02319542], [0.0, 0.0, 0.00036771, 0.02904886, 0.20328757, 0.45074086, 0.27505856, 0.04086997, 0.00062646], [0.0, 0.00066071, 0.03237498, 0.26162385, 0.42906764, 0.24323712, 0.03247881, 0.00055689, 0.0], [0.00079854, 0.03675485, 0.25956234, 0.47261152, 0.20444106, 0.02540678, 0.00042491, 0.0, 0.0], [0.0291406, 0.25415208, 0.46700655, 0.22815587, 0.02122139, 0.0003235, 0.0, 0.0, 0.0], [0.19212652, 0.50234868, 0.27326568, 0.03182673, 0.00043239, 0.0, 0.0, 0.0, 0.0], [0.50649917, 0.43136736, 0.06112102, 0.00101245, 0.0, 0.0, 0.0, 0.0, 0.0], [0.7976685, 0.19795435, 0.00437715, 0.0, 0.0, 0.0, 0.0, 0.0, 0.0], [0.95388798, 0.04607145, 4.057e-05, 0.0, 0.0, 0.0, 0.0, 0.0, 0.0], [0.99758315, 0.00241685, 0.0, 0.0, 0.0, 0.0, 0.0, 0.0, 0.0], [1.0, 0.0, 0.0, 0.0, 0.0, 0.0, 0.0, 0.0, 0.0]]}, {"team": "Vici Gaming", "record_probs": [0.000104, 0.000821, 0.003208, 0.00895, 0.020677, 0.039526, 0.06612, 0.096442, 0.125499, 0.145474, 0.149684, 0.132961, 0.10122, 0.064232, 0.031752, 0.011262, 0.002068], "point_rank_probs": [[0.0, 0.0, 0.0, 0.0, 0.0, 0.0, 0.0, 0.0, 1.0], [0.0, 0.0, 0.0, 0.0, 0.0, 0.0, 0.0, 0.00243605, 0.99756395], [0.0, 0.0, 0.0, 0.0, 0.0, 0.0, 0.0, 0.06764339, 0.93235661], [0.0, 0.0, 0.0, 0.0, 0.0, 0.0, 0.00402235, 0.23765363, 0.75832402], [0.0, 0.0, 0.0, 0.0, 0.0, 0.00106398, 0.06756299, 0.48087247, 0.45050056], [0.0, 0.0, 0.0, 0.0, 0.0004554, 0.03101756, 0.28578657, 0.5251733, 0.15756717], [0.0, 0.0, 0.0, 0.00034785, 0.02333636, 0.21861766, 0.47608893, 0.25977011, 0.02183908], [0.0, 0.0, 0.00034217, 0.0273947, 0.21086249, 0.45752888, 0.26571411, 0.0376392, 0.00051845], [0.0, 0.00046216, 0.0308369, 0.24982669, 0.44306329, 0.24348401, 0.03180902, 0.00051793, 0.0], [0.00065991, 0.03393734, 0.25440972, 0.46702504, 0.21748904, 0.02603902, 0.00043994, 0.0, 0.0], [0.02606157, 0.24256434, 0.47024398, 0.23579006, 0.02492584, 0.00041421, 0.0, 0.0, 0.0], [0.17794692, 0.49985334, 0.28653515, 0.03522838, 0.00043622, 0.0, 0.0, 0.0, 0.0], [0.48893499, 0.44255088, 0.06726931, 0.00124481, 0.0, 0.0, 0.0, 0.0, 0.0], [0.79195728, 0.20334101, 0.00470171, 0.0, 0.0, 0.0, 0.0, 0.0, 0.0], [0.95168808, 0.04828042, 3.149e-05, 0.0, 0.0, 0.0, 0.0, 0.0, 0.0], [0.99742497, 0.00257503, 0.0, 0.0, 0.0, 0.0, 0.0, 0.0, 0.0], [1.0, 0.0, 0.0, 0.0, 0.0, 0.0, 0.0, 0.0, 0.0]]}, {"team": "OG", "record_probs": [0.00023, 0.001509, 0.005731, 0.01485, 0.030328, 0.053781, 0.082865, 0.112452, 0.136186, 0.146569, 0.139379, 0.115844, 0.081941, 0.047702, 0.022206, 0.007157, 0.00127], "point_rank_probs": [[0.0, 0.0, 0.0, 0.0, 0.0, 0.0, 0.0, 0.0, 1.0], [0.0, 0.0, 0.0, 0.0, 0.0, 0.0, 0.0, 0.00463883, 0.99536117], [0.0, 0.0, 0.0, 0.0, 0.0, 0.0, 0.00017449, 0.05950096, 0.94032455], [0.0, 0.0, 0.0, 0.0, 0.0, 0.0, 0.00619529, 0.22794613, 0.76585859], [0.0, 0.0, 0.0, 0.0, 0.0, 0.00141783, 0.06815484, 0.47441308, 0.45601424], [0.0, 0.0, 0.0, 0.0, 0.00048344, 0.03371079, 0.28418958, 0.52165263, 0.15996356], [0.0, 0.0, 0.0, 0.00041031, 0.02359259, 0.2226875, 0.47681168, 0.25371387, 0.02278405], [0.0, 0.0, 0.0003646, 0.02629566, 0.21295308, 0.45950272, 0.26449507, 0.03596201, 0.00042685], [0.0, 0.00048463, 0.02900445, 0.2400467, 0.4525355, 0.24539967, 0.03189021, 0.00063883, 0.0], [0.00069592, 0.03202587, 0.24558399, 0.46606718, 0.22824745, 0.02694294, 0.00043665, 0.0, 0.0], [0.02510421, 0.23796268, 0.46736596, 0.2414998, 0.02778037, 0.00028699, 0.0, 0.0, 0.0], [0.17523566, 0.49276613, 0.29424053, 0.03723974, 0.00051794, 0.0, 0.0, 0.0, 0.0], [0.48804628, 0.44142737, 0.06919613, 0.00133023, 0.0, 0.0, 0.0, 0.0, 0.0], [0.78581611, 0.20862857, 0.00555532, 0.0, 0.0, 0.0, 0.0, 0.0, 0.0], [0.95050887, 0.04940106, 9.007e-05, 0.0, 0.0, 0.0, 0.0, 0.0, 0.0], [0.99720553, 0.00279447, 0.0, 0.0, 0.0, 0.0, 0.0, 0.0, 0.0], [1.0, 0.0, 0.0, 0.0, 0.0, 0.0, 0.0, 0.0, 0.0]]}, {"team": "Ninjas in Pyjamas", "record_probs": [0.000772, 0.004502, 0.014218, 0.032567, 0.059047, 0.090565, 0.119506, 0.13972, 0.144381, 0.132378, 0.107002, 0.075645, 0.04537, 0.022749, 0.008866, 0.00237, 0.000342], "point_rank_probs": [[0.0, 0.0, 0.0, 0.0, 0.0, 0.0, 0.0, 0.0, 1.0], [0.0, 0.0, 0.0, 0.0, 0.0, 0.0, 0.0, 0.00644158, 0.99355842], [0.0, 0.0, 0.0, 0.0, 0.0, 0.0, 0.00014067, 0.06597271, 0.93388662], [0.0, 0.0, 0.0, 0.0, 0.0, 0.0, 0.00635613, 0.25040685, 0.74323702], [0.0, 0.0, 0.0, 0.0, 0.0, 0.00150727, 0.0761258, 0.48820431, 0.43416262], [0.0, 0.0, 0.0, 0.0, 0.00048584, 0.03531165, 0.30027052, 0.51042897, 0.15350301], [0.0, 0.0, 0.0, 0.00027614, 0.02391512, 0.22854083, 0.48169966, 0.24372835, 0.02183991], [0.0, 0.0, 0.0003006, 0.02159319, 0.21293301, 0.46135127, 0.26739908, 0.03590037, 0.00052247], [0.0, 0.00038094, 0.02491325, 0.21186306, 0.46410539, 0.26223672, 0.03582881, 0.00067183, 0.0], [0.00059678, 0.03032226, 0.23273505, 0.4488208, 0.25401502, 0.03295109, 0.00055901, 0.0, 0.0], [0.02510233, 0.23429469, 0.46178576, 0.24447207, 0.03369096, 0.00065419, 0.0, 0.0, 0.0], [0.1798797, 0.49463943, 0.28756692, 0.03730584, 0.0006081, 0.0, 0.0, 0.0, 0.0], [0.49843509, 0.43458232, 0.06574829, 0.0012343, 0.0, 0.0, 0.0, 0.0, 0.0], [0.79911205, 0.19679986, 0.00408809, 0.0, 0.0, 0.0, 0.0, 0.0, 0.0], [0.95646289, 0.04342432, 0.00011279, 0.0, 0.0, 0.0, 0.0, 0.0, 0.0], [0.99535865, 0.00464135, 0.0, 0.0, 0.0, 0.0, 0.0, 0.0, 0.0], [1.0, 0.0, 0.0, 0.0, 0.0, 0.0, 0.0, 0.0, 0.0]]}, {"team": "Fnatic", "record_probs": [0.001342, 0.006664, 0.019552, 0.041447, 0.070944, 0.10181, 0.127483, 0.140526, 0.139165, 0.122917, 0.095954, 0.065695, 0.038499, 0.018716, 0.007118, 0.001908, 0.00026], "point_rank_probs": [[0.0, 0.0, 0.0, 0.0, 0.0, 0.0, 0.0, 0.0, 1.0], [0.0, 0.0, 0.0, 0.0, 0.0, 0.0, 0.0, 0.0060024, 0.9939976], [0.0, 0.0, 0.0, 0.0, 0.0, 0.0, 5.115e-05, 0.06638707, 0.93356178], [0.0, 0.0, 0.0, 0.0, 0.0, 0.0, 0.00711752, 0.24781046, 0.74507202], [0.0, 0.0, 0.0, 0.0, 0.0, 0.00139547, 0.07421346, 0.47662945, 0.44776161], [0.0, 0.0, 0.0, 0.0, 0.00040271, 0.03426972, 0.29765249, 0.50838817, 0.15928691], [0.0, 0.0, 0.0, 0.00030592, 0.0223873, 0.22484567, 0.48033071, 0.24891946, 0.02321094], [0.0, 0.0, 0.00027041, 0.02080042, 0.20800421, 0.46387857, 0.27031297, 0.03627798, 0.00045543], [0.0, 0.00047426, 0.02430927, 0.20837136, 0.46524629, 0.2649876, 0.03589983, 0.00071139, 0.0], [0.00051254, 0.03059788, 0.23057022, 0.4448693, 0.2593132, 0.03344533, 0.00069152, 0.0, 0.0], [0.02613752, 0.23675928, 0.46297184, 0.23940638, 0.03419347, 0.0005315, 0.0, 0.0, 0.0], [0.18407794, 0.49566938, 0.28210671, 0.03738488, 0.00076109, 0.0, 0.0, 0.0, 0.0], [0.50157147, 0.43424505, 0.06335229, 0.00083119, 0.0, 0.0, 0.0, 0.0, 0.0], [0.80722377, 0.1882881, 0.00448814, 0.0, 0.0, 0.0, 0.0, 0.0, 0.0], [0.95518404, 0.04467547, 0.00014049, 0.0, 0.0, 0.0, 0.0, 0.0, 0.0], [0.99895178, 0.00104822, 0.0, 0.0, 0.0, 0.0, 0.0, 0.0, 0.0], [1.0, 0.0, 0.0, 0.0, 0.0, 0.0, 0.0, 0.0, 0.0]]}, {"team": "Royal Never Give Up", "record_probs": [0.002535, 0.012099, 0.032306, 0.061652, 0.094633, 0.123792, 0.141013, 0.141808, 0.127002, 0.102006, 0.073368, 0.046228, 0.025057, 0.011377, 0.004056, 0.000929, 0.000139], "point_rank_probs": [[0.0, 0.0, 0.0, 0.0, 0.0, 0.0, 0.0, 0.0, 1.0], [0.0, 0.0, 0.0, 0.0, 0.0, 0.0, 0.0, 0.00628151, 0.99371849], [0.0, 0.0, 0.0, 0.0, 0.0, 0.0, 6.191e-05, 0.06782022, 0.93211787], [0.0, 0.0, 0.0, 0.0, 0.0, 0.0, 0.00720171, 0.24516642, 0.74763187], [0.0, 0.0, 0.0, 0.0, 1.057e-05, 0.00103558, 0.07291325, 0.47704289, 0.44899771], [0.0, 0.0, 0.0, 0.0, 0.00036351, 0.03306353, 0.29389621, 0.50899089, 0.16368586], [0.0, 0.0, 0.0, 0.00021275, 0.02125336, 0.21973151, 0.47886365, 0.25420351, 0.02573522], [0.0, 0.0, 0.0002045, 0.01787628, 0.20334537, 0.46103182, 0.27846807, 0.03834057, 0.00073339], [0.0, 0.00038582, 0.02363742, 0.1975402, 0.46688241, 0.27130281, 0.03940095, 0.00085038, 0.0], [0.0005784, 0.03189028, 0.2365253, 0.4305433, 0.26518048, 0.03453718, 0.00074505, 0.0, 0.0], [0.02806401, 0.24577472, 0.46043234, 0.23078181, 0.03436103, 0.00058609, 0.0, 0.0, 0.0], [0.19568227, 0.49995674, 0.27234576, 0.03127974, 0.00073548, 0.0, 0.0, 0.0, 0.0], [0.51231193, 0.42762501, 0.0589456, 0.00111745, 0.0, 0.0, 0.0, 0.0, 0.0], [0.81445021, 0.18045179, 0.005098, 0.0, 0.0, 0.0, 0.0, 0.0, 0.0], [0.95710059, 0.04289941, 0.0, 0.0, 0.0, 0.0, 0.0, 0.0, 0.0], [0.99784715, 0.00215285, 0.0, 0.0, 0.0, 0.0, 0.0, 0.0, 0.0], [1.0, 0.0, 0.0, 0.0, 0.0, 0.0, 0.0, 0.0, 0.0]]}, {"team": "Natus Vincere", "record_probs": [0.004845, 0.020372, 0.047345, 0.081509, 0.113277, 0.13586, 0.143217, 0.134227, 0.113041, 0.085482, 0.057796, 0.034275, 0.017781, 0.007723, 0.002571, 0.000603, 7.6e-05], "point_rank_probs": [[0.0, 0.0, 0.0, 0.0, 0.0, 0.0, 0.0, 0.0, 1.0], [0.0, 0.0, 0.0, 0.0, 0.0, 0.0, 0.0, 0.00554683, 0.99445317], [0.0, 0.0, 0.0, 0.0, 0.0, 0.0, 0.0, 0.05895026, 0.94104974], [0.0, 0.0, 0.0, 0.0, 0.0, 0.0, 0.00579077, 0.22360721, 0.77060202], [0.0, 0.0, 0.0, 0.0, 0.0, 0.0009181, 0.06626235, 0.45438174, 0.47843781], [0.0, 0.0, 0.0, 0.0, 0.00030178, 0.02942735, 0.27804357, 0.50798616, 0.18424113], [0.0, 0.0, 0.0, 0.00025835, 0.0202071, 0.21159499, 0.47813458, 0.26060454, 0.02920044], [0.0, 0.0, 0.00021605, 0.01661365, 0.20133058, 0.45917736, 0.28051733, 0.04134042, 0.00080461], [0.0, 0.00048655, 0.02396476, 0.19670739, 0.46908644, 0.2708044, 0.03817199, 0.00077848, 0.0], [0.00057322, 0.03283732, 0.23644744, 0.43358836, 0.26213706, 0.03393697, 0.00047963, 0.0, 0.0], [0.02927538, 0.2531144, 0.46003184, 0.22494636, 0.03199183, 0.00064018, 0.0, 0.0, 0.0], [0.19816193, 0.50442013, 0.26649161, 0.03019694, 0.00072939, 0.0, 0.0, 0.0, 0.0], [0.52871042, 0.41347506, 0.05668972, 0.0011248, 0.0, 0.0, 0.0, 0.0, 0.0], [0.81768743, 0.17842807, 0.0038845, 0.0, 0.0, 0.0, 0.0, 0.0, 0.0], [0.96188254, 0.03811746, 0.0, 0.0, 0.0, 0.0, 0.0, 0.0, 0.0], [0.99834163, 0.00165837, 0.0, 0.0, 0.0, 0.0, 0.0, 0.0, 0.0], [1.0, 0.0, 0.0, 0.0, 0.0, 0.0, 0.0, 0.0, 0.0]]}, {"team": "Infamous", "record_probs": [0.010867, 0.038505, 0.078408, 0.117769, 0.144026, 0.150504, 0.139182, 0.115206, 0.085432, 0.056727, 0.03357, 0.017711, 0.007986, 0.003034, 0.000886, 0.000164, 2.3e-05], "point_rank_probs": [[0.0, 0.0, 0.0, 0.0, 0.0, 0.0, 0.0, 0.0, 1.0], [0.0, 0.0, 0.0, 0.0, 0.0, 0.0, 0.0, 0.00288274, 0.99711726], [0.0, 0.0, 0.0, 0.0, 0.0, 0.0, 5.102e-05, 0.04690848, 0.95304051], [0.0, 0.0, 0.0, 0.0, 0.0, 0.0, 0.00447486, 0.18705262, 0.80847252], [0.0, 0.0, 0.0, 0.0, 0.0, 0.00090956, 0.0559274, 0.41211309, 0.53104995], [0.0, 0.0, 0.0, 0.0, 0.00039866, 0.02651092, 0.25584702, 0.50018604, 0.21705735], [0.0, 0.0, 0.0, 0.00015088, 0.02001696, 0.20527798, 0.46563492, 0.27022172, 0.03869753], [0.0, 0.0, 0.00018228, 0.01611027, 0.20109196, 0.45837022, 0.28120931, 0.04162978, 0.00140618], [0.0, 0.00042139, 0.02392546, 0.19196554, 0.4771163, 0.26715985, 0.03854528, 0.00086619, 0.0], [0.00091667, 0.03582069, 0.24871754, 0.41823118, 0.26311985, 0.03248894, 0.00070513, 0.0, 0.0], [0.0323801, 0.26747096, 0.4562109, 0.21239202, 0.03106941, 0.00047662, 0.0, 0.0, 0.0], [0.21958105, 0.49912484, 0.25159505, 0.0291909, 0.00050816, 0.0, 0.0, 0.0, 0.0], [0.54482845, 0.40658653, 0.04795893, 0.0006261, 0.0, 0.0, 0.0, 0.0, 0.0], [0.83388266, 0.16150297, 0.00461437, 0.0, 0.0, 0.0, 0.0, 0.0, 0.0], [0.96952596, 0.03047404, 0.0, 0.0, 0.0, 0.0, 0.0, 0.0, 0.0], [1.0, 0.0, 0.0, 0.0, 0.0, 0.0, 0.0, 0.0, 0.0], [1.0, 0.0, 0.0, 0.0, 0.0, 0.0, 0.0, 0.0, 0.0]]}]}, "tiebreak": {"a": {"3": [0.19868900000017803, 0.10117400000008052, 0.022318000000001666, 0.0025000000000000074, 0.0001419999999999997, 4.9999999999999996e-06, 0, 0], "7": [0.15161600000013095, 0.023054000000002402, 0.0028620000000000555, 0.0002639999999999999, 0, 0, 0, 0]}, "b": {"3": [0.20060300000017994, 0.12180700000010115, 0.033228000000012574, 0.004831000000000317, 0.0003780000000000027, 1.3000000000000003e-05, 0, 0], "7": [0.1665670000001459, 0.030973000000010322, 0.004744000000000305, 0.0005880000000000078, 0, 0, 0, 0]}}, "matches": {"a": [[{"teams": ["Team Secret", "Alliance"], "result": -1, "probs": [0.6203, 0.3117, 0.068]}, {"teams": ["Team Liquid", "Newbee"], "result": -1, "probs": [0.2577, 0.4494, 0.2928]}, {"teams": ["PSG.LGD", "Chaos Esports Club"], "result": -1, "probs": [0.5573, 0.3515, 0.0912]}, {"teams": ["TNC Predator", "Keen Gaming"], "result": -1, "probs": [0.4838, 0.3915, 0.1247]}, {"teams": ["Team Liquid", "Chaos Esports Club"], "result": -1, "probs": [0.4613, 0.4022, 0.1366]}, {"teams": ["TNC Predator", "Mineski"], "result": -1, "probs": [0.6289, 0.3059, 0.0652]}, {"teams": ["PSG.LGD", "Keen Gaming"], "result": -1, "probs": [0.5833, 0.3356, 0.0811]}, {"teams": ["Team Secret", "Newbee"], "result": -1, "probs": [0.4951, 0.3859, 0.1191]}, {"teams": ["Team Secret", "Team Liquid"], "result": -1, "probs": [0.5156, 0.3751, 0.1093]}, {"teams": ["PSG.LGD", "TNC Predator"], "result": -1, "probs": [0.3672, 0.4367, 0.1961]}, {"teams": ["Alliance", "Chaos Esports Club"], "result": -1, "probs": [0.3548, 0.4399, 0.2053]}, {"teams": ["Keen Gaming", "Mineski"], "result": -1, "probs": [0.4145, 0.4215, 0.164]}], [{"teams": ["TNC Predator", "Alliance"], "result": -1, "probs": [0.37, 0.436, 0.194]}, {"teams": ["PSG.LGD", "Newbee"], "result": -1, "probs": [0.3435, 0.4424, 0.2141]}, {"teams": ["Team Secret", "Keen Gaming"], "result": -1, "probs": [0.7201, 0.2401, 0.0398]}, {"teams": ["Team Liquid", "Mineski"], "result": -1, "probs": [0.6329, 0.3032, 0.0639]}, {"teams": ["Team Liquid", "PSG.LGD"], "result": -1, "probs": [0.1992, 0.4378, 0.363]}, {"teams": ["Alliance", "Keen Gaming"], "result": -1, "probs": [0.3807, 0.4329, 0.1864]}, {"teams": ["Chaos Esports Club", "Mineski"], "result": -1, "probs": [0.4412, 0.4109, 0.1478]}, {"teams": ["TNC Predator", "Newbee"], "result": -1, "probs": [0.2541, 0.4492, 0.2967]}], [{"teams": ["Team Secret", "TNC Predator"], "result": -1, "probs": [0.5199, 0.3728, 0.1073]}, {"teams": ["Alliance", "Newbee"], "result": -1, "probs": [0.1771, 0.4286, 0.3943]}, {"teams": ["Chaos Esports Club", "Keen Gaming"], "result": -1, "probs": [0.2985, 0.449, 0.2525]}, {"teams": ["PSG.LGD", "Mineski"], "result": -1, "probs": [0.7164, 0.243, 0.0407]}, {"teams": ["TNC Predator", "Chaos Esports Club"], "result": -1, "probs": [0.4569, 0.4042, 0.139]}, {"teams": ["Team Liquid", "Alliance"], "result": -1, "probs": [0.3743, 0.4348, 0.191]}, {"teams": ["Newbee", "Keen Gaming"], "result": -1, "probs": [0.5087, 0.3788, 0.1125]}, {"teams": ["Team Secret", "Mineski"], "result": -1, "probs": [0.8255, 0.1552, 0.0193]}, {"teams": ["Team Secret", "PSG.LGD"], "result": -1, "probs": [0.4191, 0.4198, 0.1611]}, {"teams": ["Team Liquid", "Keen Gaming"], "result": -1, "probs": [0.4882, 0.3893, 0.1225]}, {"teams": ["Newbee", "Chaos Esports Club"], "result": -1, "probs": [0.4818, 0.3925, 0.1257]}, {"teams": ["Alliance", "Mineski"], "result": -1, "probs": [0.5291, 0.3677, 0.1032]}], [{"teams": ["Team Liquid", "TNC Predator"], "result": -1, "probs": [0.2788, 0.45, 0.2713]}, {"teams": ["Team Secret", "Chaos Esports Club"], "result": -1, "probs": [0.6981, 0.2567, 0.0452]}, {"teams": ["PSG.LGD", "Alliance"], "result": -1, "probs": [0.4698, 0.3982, 0.1319]}, {"teams": ["Newbee", "Mineski"], "result": -1, "probs": [0.6515, 0.2903, 0.0582]}]], "b": [[{"teams": ["Vici Gaming", "Royal Never Give Up"], "result": -1, "probs": [0.4372, 0.4126, 0.1502]}, {"teams": ["Virtus.pro", "Ninjas in Pyjamas"], "result": -1, "probs": [0.4181, 0.4202, 0.1617]}, {"teams": ["Evil Geniuses", "Fnatic"], "result": -1, "probs": [0.4443, 0.4097, 0.146]}, {"teams": ["OG", "Natus Vincere"], "result": -1, "probs": [0.4386, 0.4121, 0.1494]}, {"teams": ["Virtus.pro", "Royal Never Give Up"], "result": -1, "probs": [0.4828, 0.392, 0.1252]}, {"teams": ["Evil Geniuses", "Natus Vincere"], "result": -1, "probs": [0.5251, 0.3699, 0.1049]}, {"teams": ["OG", "Infamous"], "result": -1, "probs": [0.502, 0.3823, 0.1157]}, {"teams": ["Vici Gaming", "Fnatic"], "result": -1, "probs": [0.3938, 0.4288, 0.1775]}], [{"teams": ["Virtus.pro", "Vici Gaming"], "result": -1, "probs": [0.3153, 0.4473, 0.2375]}, {"teams": ["Evil Geniuses", "OG"], "result": -1, "probs": [0.3535, 0.4402, 0.2063]}, {"teams": ["Ninjas in Pyjamas", "Fnatic"], "result": -1, "probs": [0.2931, 0.4494, 0.2575]}, {"teams": ["Natus Vincere", "Infamous"], "result": -1, "probs": [0.3316, 0.4447, 0.2237]}, {"teams": ["Evil Geniuses", "Royal Never Give Up"], "result": -1, "probs": [0.4882, 0.3893, 0.1224]}, {"teams": ["Virtus.pro", "Natus Vincere"], "result": -1, "probs": [0.5197, 0.3729, 0.1074]}, {"teams": ["OG", "Ninjas in Pyjamas"], "result": -1, "probs": [0.3396, 0.4432, 0.2172]}, {"teams": ["Vici Gaming", "Infamous"], "result": -1, "probs": [0.5373, 0.3631, 0.0996]}, {"teams": ["Vici Gaming", "Evil Geniuses"], "result": -1, "probs": [0.2332, 0.4466, 0.3202]}, {"teams": ["OG", "Royal Never Give Up"], "result": -1, "probs": [0.4019, 0.4261, 0.1721]}, {"teams": ["Fnatic", "Infamous"], "result": -1, "probs": [0.4095, 0.4234, 0.1672]}, {"teams": ["Ninjas in Pyjamas", "Natus Vincere"], "result": -1, "probs": [0.3679, 0.4365, 0.1955]}], [{"teams": ["Virtus.pro", "OG"], "result": -1, "probs": [0.3483, 0.4414, 0.2103]}, {"teams": ["Ninjas in Pyjamas", "Royal Never Give Up"], "result": -1, "probs": [0.3329, 0.4445, 0.2226]}, {"teams": ["Fnatic", "Natus Vincere"], "result": -1, "probs": [0.3481, 0.4414, 0.2105]}, {"teams": ["Evil Geniuses", "Infamous"], "result": -1, "probs": [0.587, 0.3333, 0.0797]}, {"teams": ["OG", "Fnatic"], "result": -1, "probs": [0.3593, 0.4388, 0.202]}, {"teams": ["Royal Never Give Up", "Natus Vincere"], "result": -1, "probs": [0.3075, 0.4482, 0.2443]}, {"teams": ["Vici Gaming", "Ninjas in Pyjamas"], "result": -1, "probs": [0.3735, 0.435, 0.1915]}, {"teams": ["Virtus.pro", "Infamous"], "result": -1, "probs": [0.5818, 0.3366, 0.0817]}], [{"teams": ["Virtus.pro", "Evil Geniuses"], "result": -1, "probs": [0.2704, 0.45, 0.2797]}, {"teams": ["Royal Never Give Up", "Fnatic"], "result": -1, "probs": [0.2388, 0.4475, 0.3137]}, {"teams": ["Ninjas in Pyjamas", "Infamous"], "result": -1, "probs": [0.4301, 0.4155, 0.1544]}, {"teams": ["Vici Gaming", "Natus Vincere"], "result": -1, "probs": [0.4742, 0.3962, 0.1296]}, {"teams": ["Vici Gaming", "OG"], "result": -1, "probs": [0.3063, 0.4483, 0.2454]}, {"teams": ["Virtus.pro", "Fnatic"], "result": -1, "probs": [0.4388, 0.412, 0.1492]}, {"teams": ["Evil Geniuses", "Ninjas in Pyjamas"], "result": -1, "probs": [0.4236, 0.4181, 0.1583]}, {"teams": ["Royal Never Give Up", "Infamous"], "result": -1, "probs": [0.3666, 0.4369, 0.1965]}]]}}, "records": {"Alliance": [0, 0, 0], "Chaos Esports Club": [0, 0, 0], "Keen Gaming": [0, 0, 0], "Mineski": [0, 0, 0], "Newbee": [0, 0, 0], "PSG.LGD": [0, 0, 0], "Team Liquid": [0, 0, 0], "Team Secret": [0, 0, 0], "TNC Predator": [0, 0, 0], "Evil Geniuses": [0, 0, 0], "Fnatic": [0, 0, 0], "Infamous": [0, 0, 0], "Natus Vincere": [0, 0, 0], "Ninjas in Pyjamas": [0, 0, 0], "OG": [0, 0, 0], "Royal Never Give Up": [0, 0, 0], "Vici Gaming": [0, 0, 0], "Virtus.pro": [0, 0, 0]}, "ratings": {"Alliance": "1887", "Chaos Esports Club": "1837", "Keen Gaming": "1822", "Mineski": "1737", "Newbee": "1960", "PSG.LGD": "2003", "Team Liquid": "1948", "Team Secret": "2090", "TNC Predator": "1945", "Evil Geniuses": "1995", "Fnatic": "1893", "Infamous": "1812", "Natus Vincere": "1848", "Ninjas in Pyjamas": "1905", "OG": "1946", "Royal Never Give Up": "1869", "Vici Gaming": "1966", "Virtus.pro": "1992"}, "timestamp": "2021-10-24 23:00", "n_samples": 1000000, "model_version": "0.1"}