{"probs": {"group_rank": {"a": [{"team": "Virtus.pro", "probs": [0.383177, 0.220372, 0.144864, 0.102316, 0.058051, 0.041539, 0.027605, 0.016244, 0.005832]}, {"team": "Evil Geniuses", "probs": [0.207712, 0.19899, 0.162246, 0.135357, 0.096138, 0.078306, 0.059259, 0.042114, 0.019878]}, {"team": "OG", "probs": [0.097004, 0.121996, 0.1326, 0.134073, 0.127961, 0.119666, 0.107711, 0.094433, 0.064556]}, {"team": "Team Aster", "probs": [0.071553, 0.100901, 0.117007, 0.12548, 0.131417, 0.129696, 0.125183, 0.11518, 0.083583]}, {"team": "Alliance", "probs": [0.067, 0.093623, 0.110664, 0.120421, 0.128933, 0.130141, 0.129277, 0.121614, 0.098327]}, {"team": "Invictus Gaming", "probs": [0.059146, 0.086366, 0.103811, 0.114665, 0.127444, 0.131728, 0.133712, 0.132181, 0.110947]}, {"team": "T1", "probs": [0.054438, 0.080936, 0.09991, 0.112292, 0.128642, 0.134382, 0.138729, 0.13894, 0.111731]}, {"team": "Team Undying", "probs": [0.048671, 0.074432, 0.09354, 0.107659, 0.125172, 0.134013, 0.141351, 0.145043, 0.130119]}, {"team": "Thunder Predator", "probs": [0.011299, 0.022384, 0.035358, 0.047737, 0.076242, 0.100529, 0.137173, 0.194251, 0.375027]}], "b": [{"team": "PSG.LGD", "probs": [0.451261, 0.230557, 0.139145, 0.090173, 0.04315, 0.026475, 0.01314, 0.005174, 0.000925]}, {"team": "Team Spirit", "probs": [0.183564, 0.205588, 0.180068, 0.152613, 0.108344, 0.081739, 0.052631, 0.027498, 0.007955]}, {"team": "Vici Gaming", "probs": [0.116965, 0.158966, 0.166962, 0.160747, 0.135022, 0.11143, 0.080975, 0.049828, 0.019105]}, {"team": "Elephant", "probs": [0.087387, 0.130542, 0.149547, 0.156458, 0.147409, 0.130526, 0.101679, 0.067696, 0.028756]}, {"team": "Team Secret", "probs": [0.073647, 0.114744, 0.13747, 0.150038, 0.154026, 0.14233, 0.113716, 0.078746, 0.035283]}, {"team": "Quincy Crew", "probs": [0.060672, 0.098556, 0.125644, 0.144775, 0.159448, 0.153774, 0.12773, 0.089323, 0.040078]}, {"team": "Fnatic", "probs": [0.016853, 0.035317, 0.054873, 0.074674, 0.116711, 0.150317, 0.190971, 0.201548, 0.158736]}, {"team": "beastcoast", "probs": [0.007152, 0.018273, 0.031687, 0.046835, 0.084321, 0.120666, 0.177612, 0.246147, 0.267307]}, {"team": "SG esports", "probs": [0.002499, 0.007457, 0.014604, 0.023687, 0.051569, 0.082743, 0.141546, 0.23404, 0.441855]}]}, "final_rank": [{"team": "PSG.LGD", "probs": [0.000925, 0.029568, 0.086523, 0.081281, 0.133822, 0.092777, 0.117768, 0.166499, 0.290837]}, {"team": "Virtus.pro", "probs": [0.005832, 0.046857, 0.114577, 0.097939, 0.146719, 0.097108, 0.11778, 0.154249, 0.218939]}, {"team": "Evil Geniuses", "probs": [0.019878, 0.103234, 0.184574, 0.128442, 0.162342, 0.092781, 0.100069, 0.107844, 0.100836]}, {"team": "Team Spirit", "probs": [0.007955, 0.113532, 0.186875, 0.132134, 0.167128, 0.093253, 0.100388, 0.104828, 0.093907]}, {"team": "Vici Gaming", "probs": [0.019105, 0.172147, 0.230088, 0.140596, 0.156586, 0.078424, 0.078222, 0.0724, 0.052432]}, {"team": "Elephant", "probs": [0.028756, 0.213322, 0.251371, 0.139621, 0.142838, 0.067882, 0.064618, 0.055747, 0.035845]}, {"team": "OG", "probs": [0.064556, 0.194822, 0.248361, 0.135659, 0.135231, 0.066003, 0.062229, 0.054653, 0.038486]}, {"team": "Team Secret", "probs": [0.035283, 0.238157, 0.26085, 0.137821, 0.133601, 0.061448, 0.05651, 0.047039, 0.029291]}, {"team": "Quincy Crew", "probs": [0.040078, 0.264369, 0.272486, 0.135056, 0.123885, 0.05459, 0.048397, 0.038458, 0.022681]}, {"team": "Team Aster", "probs": [0.083583, 0.225637, 0.263412, 0.131327, 0.121476, 0.056129, 0.050517, 0.041826, 0.026093]}, {"team": "Alliance", "probs": [0.098327, 0.234708, 0.260849, 0.126848, 0.114841, 0.052349, 0.047469, 0.039219, 0.02539]}, {"team": "Invictus Gaming", "probs": [0.110947, 0.245497, 0.263849, 0.123454, 0.10904, 0.048472, 0.04306, 0.034591, 0.02109]}, {"team": "T1", "probs": [0.111731, 0.254062, 0.268895, 0.122916, 0.105587, 0.046136, 0.04022, 0.031664, 0.018789]}, {"team": "Team Undying", "probs": [0.130119, 0.26073, 0.266358, 0.119142, 0.099217, 0.042773, 0.036415, 0.028722, 0.016524]}, {"team": "Fnatic", "probs": [0.158736, 0.386283, 0.25899, 0.08634, 0.057835, 0.020778, 0.01602, 0.010428, 0.00459]}, {"team": "beastcoast", "probs": [0.267307, 0.394385, 0.218871, 0.06099, 0.03438, 0.010957, 0.007451, 0.004232, 0.001427]}, {"team": "Thunder Predator", "probs": [0.375027, 0.282751, 0.205026, 0.064991, 0.039609, 0.013797, 0.010106, 0.006251, 0.002442]}, {"team": "SG esports", "probs": [0.441855, 0.339939, 0.158045, 0.035443, 0.015863, 0.004343, 0.002761, 0.00135, 0.000401]}], "record": {"a": [{"team": "Virtus.pro", "record_probs": [9e-06, 9.5e-05, 0.000399, 0.001491, 0.004276, 0.010394, 0.021942, 0.040725, 0.068539, 0.102392, 0.136555, 0.160981, 0.162855, 0.138739, 0.093738, 0.045035, 0.011835], "point_rank_probs": [[0.0, 0.0, 0.0, 0.0, 0.0, 0.0, 0.0, 0.0, 1.0], [0.0, 0.0, 0.0, 0.0, 0.0, 0.0, 0.0, 0.0, 1.0], [0.0, 0.0, 0.0, 0.0, 0.0, 0.0, 0.0, 0.05513784, 0.94486216], [0.0, 0.0, 0.0, 0.0, 0.0, 0.0, 0.00402414, 0.2481556, 0.74782025], [0.0, 0.0, 0.0, 0.0, 0.0, 0.00070159, 0.06361085, 0.48362956, 0.452058], [0.0, 0.0, 0.0, 0.0, 0.00028863, 0.02549548, 0.25803348, 0.54512219, 0.17106023], [0.0, 0.0, 0.0, 0.00045575, 0.01754626, 0.19665482, 0.47584541, 0.28648254, 0.02301522], [0.0, 0.0, 0.00034377, 0.02838551, 0.18922038, 0.45001842, 0.28761203, 0.04392879, 0.0004911], [0.0, 0.00078787, 0.03577525, 0.27209326, 0.41879806, 0.23620129, 0.03571689, 0.00062738, 0.0], [0.0011329, 0.04160481, 0.27475779, 0.47397258, 0.1846531, 0.02345886, 0.00041995, 0.0, 0.0], [0.03331258, 0.27011827, 0.46398887, 0.21542236, 0.01687965, 0.00027828, 0.0, 0.0, 0.0], [0.20676353, 0.50749467, 0.25798076, 0.02750635, 0.00025469, 0.0, 0.0, 0.0, 0.0], [0.52906573, 0.41557213, 0.05459458, 0.00076755, 0.0, 0.0, 0.0, 0.0, 0.0], [0.81170399, 0.18482907, 0.00346694, 0.0, 0.0, 0.0, 0.0, 0.0, 0.0], [0.95699716, 0.04297083, 3.2e-05, 0.0, 0.0, 0.0, 0.0, 0.0, 0.0], [0.99720218, 0.00279782, 0.0, 0.0, 0.0, 0.0, 0.0, 0.0, 0.0], [1.0, 0.0, 0.0, 0.0, 0.0, 0.0, 0.0, 0.0, 0.0]]}, {"team": "Evil Geniuses", "record_probs": [7.2e-05, 0.000525, 0.002172, 0.006451, 0.015182, 0.030227, 0.052586, 0.080065, 0.111519, 0.136416, 0.150692, 0.144555, 0.120515, 0.083611, 0.044998, 0.016945, 0.003469], "point_rank_probs": [[0.0, 0.0, 0.0, 0.0, 0.0, 0.0, 0.0, 0.0, 1.0], [0.0, 0.0, 0.0, 0.0, 0.0, 0.0, 0.0, 0.00380952, 0.99619048], [0.0, 0.0, 0.0, 0.0, 0.0, 0.0, 0.0, 0.06952118, 0.93047882], [0.0, 0.0, 0.0, 0.0, 0.0, 0.0, 0.00620059, 0.25592931, 0.7378701], [0.0, 0.0, 0.0, 0.0, 0.0, 0.00144908, 0.0623765, 0.49084442, 0.44533], [0.0, 0.0, 0.0, 0.0, 0.00036391, 0.02884838, 0.28491084, 0.5326033, 0.15327356], [0.0, 0.0, 0.0, 0.00055148, 0.02278173, 0.21918381, 0.47487925, 0.26225611, 0.02034762], [0.0, 0.0, 0.00066196, 0.03028789, 0.21406357, 0.45466808, 0.26362331, 0.03622057, 0.00047461], [0.0, 0.0007622, 0.0359311, 0.26885105, 0.42717384, 0.23503618, 0.03163586, 0.00060976, 0.0], [0.00051314, 0.03795009, 0.26911066, 0.47068526, 0.19774073, 0.0236116, 0.00038852, 0.0, 0.0], [0.02387652, 0.25312558, 0.47605049, 0.22581159, 0.02079739, 0.00033844, 0.0, 0.0, 0.0], [0.16403445, 0.51953928, 0.28463906, 0.03148974, 0.00029746, 0.0, 0.0, 0.0, 0.0], [0.4572128, 0.47436419, 0.06732772, 0.0010953, 0.0, 0.0, 0.0, 0.0, 0.0], [0.75238904, 0.24190597, 0.00570499, 0.0, 0.0, 0.0, 0.0, 0.0, 0.0], [0.93330815, 0.06666963, 2.222e-05, 0.0, 0.0, 0.0, 0.0, 0.0, 0.0], [0.99480673, 0.00519327, 0.0, 0.0, 0.0, 0.0, 0.0, 0.0, 0.0], [1.0, 0.0, 0.0, 0.0, 0.0, 0.0, 0.0, 0.0, 0.0]]}, {"team": "OG", "record_probs": [0.00061, 0.003231, 0.010433, 0.024086, 0.045137, 0.071436, 0.100032, 0.124077, 0.1381, 0.138473, 0.12278, 0.096264, 0.065652, 0.037242, 0.016493, 0.005095, 0.000859], "point_rank_probs": [[0.0, 0.0, 0.0, 0.0, 0.0, 0.0, 0.0, 0.0, 1.0], [0.0, 0.0, 0.0, 0.0, 0.0, 0.0, 0.0, 0.00680904, 0.99319096], [0.0, 0.0, 0.0, 0.0, 0.0, 0.0, 0.0, 0.07169558, 0.92830442], [0.0, 0.0, 0.0, 0.0, 0.0, 0.0, 0.0067259, 0.24561986, 0.74765424], [0.0, 0.0, 0.0, 0.0, 0.0, 0.00124067, 0.06963245, 0.48767087, 0.44145601], [0.0, 0.0, 0.0, 0.0, 0.00041996, 0.03403046, 0.29469735, 0.51696624, 0.153886], [0.0, 0.0, 0.0, 0.00044986, 0.02516195, 0.23477487, 0.474998, 0.24392194, 0.02069338], [0.0, 0.0, 0.00045939, 0.02768442, 0.2247153, 0.45762712, 0.25420505, 0.03486545, 0.00044327], [0.0, 0.00047067, 0.0310572, 0.24429399, 0.45268646, 0.24025344, 0.03066618, 0.00057205, 0.0], [0.00055607, 0.03222289, 0.25202025, 0.460458, 0.22769782, 0.02659002, 0.00045496, 0.0, 0.0], [0.02178694, 0.2315768, 0.47870989, 0.23950155, 0.0280013, 0.00042352, 0.0, 0.0, 0.0], [0.15712, 0.50028048, 0.30493227, 0.03716862, 0.00049863, 0.0, 0.0, 0.0, 0.0], [0.44987205, 0.47303966, 0.07539755, 0.00169073, 0.0, 0.0, 0.0, 0.0, 0.0], [0.75702164, 0.23564792, 0.00733043, 0.0, 0.0, 0.0, 0.0, 0.0, 0.0], [0.93845874, 0.06135936, 0.0001819, 0.0, 0.0, 0.0, 0.0, 0.0, 0.0], [0.99352306, 0.00647694, 0.0, 0.0, 0.0, 0.0, 0.0, 0.0, 0.0], [1.0, 0.0, 0.0, 0.0, 0.0, 0.0, 0.0, 0.0, 0.0]]}, {"team": "Team Aster", "record_probs": [0.000932, 0.005004, 0.014764, 0.032474, 0.05736, 0.087049, 0.11484, 0.134518, 0.140112, 0.131424, 0.109724, 0.080251, 0.050705, 0.026471, 0.010806, 0.003077, 0.000489], "point_rank_probs": [[0.0, 0.0, 0.0, 0.0, 0.0, 0.0, 0.0, 0.0, 1.0], [0.0, 0.0, 0.0, 0.0, 0.0, 0.0, 0.0, 0.0069944, 0.9930056], [0.0, 0.0, 0.0, 0.0, 0.0, 0.0, 0.00013546, 0.07409916, 0.92576538], [0.0, 0.0, 0.0, 0.0, 0.0, 0.0, 0.00674386, 0.25946911, 0.73378703], [0.0, 0.0, 0.0, 0.0, 0.0, 0.00101116, 0.07386681, 0.49414226, 0.43097978], [0.0, 0.0, 0.0, 0.0, 0.0006548, 0.03483096, 0.29848706, 0.51597376, 0.15005342], [0.0, 0.0, 0.0, 0.00036573, 0.02560084, 0.23133925, 0.4811651, 0.24113549, 0.02039359], [0.0, 0.0, 0.00040143, 0.02566199, 0.22206694, 0.45844422, 0.25885012, 0.03412926, 0.00044604], [0.0, 0.00043537, 0.02944073, 0.23296363, 0.45693445, 0.24675974, 0.0328737, 0.00059238, 0.0], [0.00047176, 0.0309913, 0.24584551, 0.45537345, 0.23829742, 0.02857165, 0.00044893, 0.0, 0.0], [0.02084321, 0.23181802, 0.47683278, 0.24129634, 0.02883599, 0.00037366, 0.0, 0.0, 0.0], [0.15751829, 0.5043177, 0.30081868, 0.03679705, 0.00054828, 0.0, 0.0, 0.0, 0.0], [0.45165171, 0.47019032, 0.07679716, 0.00136081, 0.0, 0.0, 0.0, 0.0, 0.0], [0.75331495, 0.24052737, 0.00615768, 0.0, 0.0, 0.0, 0.0, 0.0, 0.0], [0.94151397, 0.05848603, 0.0, 0.0, 0.0, 0.0, 0.0, 0.0, 0.0], [0.99382515, 0.00617485, 0.0, 0.0, 0.0, 0.0, 0.0, 0.0, 0.0], [1.0, 0.0, 0.0, 0.0, 0.0, 0.0, 0.0, 0.0, 0.0]]}, {"team": "Alliance", "record_probs": [0.001254, 0.006466, 0.018312, 0.037948, 0.063436, 0.092487, 0.118526, 0.134556, 0.13765, 0.126033, 0.103671, 0.075357, 0.04676, 0.024158, 0.010086, 0.002866, 0.000434], "point_rank_probs": [[0.0, 0.0, 0.0, 0.0, 0.0, 0.0, 0.0, 0.0, 1.0], [0.0, 0.0, 0.0, 0.0, 0.0, 0.0, 0.0, 0.00525827, 0.99474173], [0.0, 0.0, 0.0, 0.0, 0.0, 0.0, 5.461e-05, 0.0673329, 0.93261249], [0.0, 0.0, 0.0, 0.0, 0.0, 0.0, 0.00679878, 0.24338569, 0.74981554], [0.0, 0.0, 0.0, 0.0, 0.0, 0.00138722, 0.07216722, 0.484709, 0.44173655], [0.0, 0.0, 0.0, 0.0, 0.0005298, 0.03496708, 0.29947993, 0.50882827, 0.15619492], [0.0, 0.0, 0.0, 0.00032904, 0.02504936, 0.22931677, 0.48232455, 0.2413732, 0.02160707], [0.0, 0.0, 0.00041618, 0.02460686, 0.2202726, 0.45975653, 0.26015934, 0.03419394, 0.00059455], [0.0, 0.00049401, 0.0289793, 0.23239375, 0.45803124, 0.24670541, 0.03272067, 0.00067563, 0.0], [0.00052367, 0.0313886, 0.24332516, 0.45474598, 0.23961978, 0.029889, 0.0005078, 0.0, 0.0], [0.02159717, 0.23252404, 0.47600583, 0.24043368, 0.02895699, 0.00048229, 0.0, 0.0, 0.0], [0.1589766, 0.49909099, 0.30448399, 0.03710339, 0.00034502, 0.0, 0.0, 0.0, 0.0], [0.45938837, 0.46471343, 0.07489307, 0.00100513, 0.0, 0.0, 0.0, 0.0, 0.0], [0.76492259, 0.2287441, 0.00633331, 0.0, 0.0, 0.0, 0.0, 0.0, 0.0], [0.93912354, 0.06047987, 0.00039659, 0.0, 0.0, 0.0, 0.0, 0.0, 0.0], [0.99406839, 0.00593161, 0.0, 0.0, 0.0, 0.0, 0.0, 0.0, 0.0], [1.0, 0.0, 0.0, 0.0, 0.0, 0.0, 0.0, 0.0, 0.0]]}, {"team": "Invictus Gaming", "record_probs": [0.001624, 0.007615, 0.021476, 0.043139, 0.070459, 0.099308, 0.123124, 0.136114, 0.135884, 0.120823, 0.097393, 0.068473, 0.04228, 0.021012, 0.008558, 0.002385, 0.000333], "point_rank_probs": [[0.0, 0.0, 0.0, 0.0, 0.0, 0.0, 0.0, 0.0, 1.0], [0.0, 0.0, 0.0, 0.0, 0.0, 0.0, 0.0, 0.00630335, 0.99369665], [0.0, 0.0, 0.0, 0.0, 0.0, 0.0, 4.656e-05, 0.07128888, 0.92866456], [0.0, 0.0, 0.0, 0.0, 0.0, 0.0, 0.00702381, 0.25225434, 0.74072185], [0.0, 0.0, 0.0, 0.0, 0.0, 0.00109283, 0.07293603, 0.48023673, 0.4457344], [0.0, 0.0, 0.0, 0.0, 0.00038265, 0.03449873, 0.29467918, 0.51279857, 0.15764087], [0.0, 0.0, 0.0, 0.00038985, 0.02447126, 0.22960593, 0.47859881, 0.24471265, 0.0222215], [0.0, 0.0, 0.00026448, 0.02498641, 0.2217406, 0.45718295, 0.26060508, 0.03477232, 0.00044815], [0.0, 0.00047835, 0.02831091, 0.22762062, 0.45914898, 0.25027229, 0.03346972, 0.00069913, 0.0], [0.00039728, 0.03079712, 0.24775912, 0.45076682, 0.23934185, 0.03045778, 0.00048004, 0.0, 0.0], [0.02219872, 0.23407226, 0.47462343, 0.23934985, 0.02936556, 0.00039017, 0.0, 0.0, 0.0], [0.16039899, 0.50478291, 0.29824894, 0.03595578, 0.00061338, 0.0, 0.0, 0.0, 0.0], [0.45596026, 0.46700568, 0.07585147, 0.00118259, 0.0, 0.0, 0.0, 0.0, 0.0], [0.75947078, 0.23396155, 0.00656768, 0.0, 0.0, 0.0, 0.0, 0.0, 0.0], [0.9360832, 0.06379995, 0.00011685, 0.0, 0.0, 0.0, 0.0, 0.0, 0.0], [0.99496855, 0.00503145, 0.0, 0.0, 0.0, 0.0, 0.0, 0.0, 0.0], [1.0, 0.0, 0.0, 0.0, 0.0, 0.0, 0.0, 0.0, 0.0]]}, {"team": "T1", "record_probs": [0.00149, 0.007728, 0.021575, 0.044119, 0.073732, 0.103572, 0.126765, 0.139371, 0.136309, 0.119591, 0.093974, 0.064462, 0.038354, 0.019041, 0.007635, 0.001973, 0.000309], "point_rank_probs": [[0.0, 0.0, 0.0, 0.0, 0.0, 0.0, 0.0, 0.0, 1.0], [0.0, 0.0, 0.0, 0.0, 0.0, 0.0, 0.0, 0.00608178, 0.99391822], [0.0, 0.0, 0.0, 0.0, 0.0, 0.0, 0.0, 0.07772885, 0.92227115], [0.0, 0.0, 0.0, 0.0, 0.0, 0.0, 0.00691312, 0.25934405, 0.73374283], [0.0, 0.0, 0.0, 0.0, 0.0, 0.00120707, 0.07539467, 0.49251343, 0.43088483], [0.0, 0.0, 0.0, 0.0, 0.00044414, 0.03416947, 0.2964025, 0.51691577, 0.15206813], [0.0, 0.0, 0.0, 0.00031554, 0.02440737, 0.22824123, 0.48120538, 0.24446811, 0.02136236], [0.0, 0.0, 0.0003157, 0.02415854, 0.21815873, 0.46010289, 0.2620129, 0.03480638, 0.00044486], [0.0, 0.00051354, 0.02844273, 0.2248861, 0.46093802, 0.25112795, 0.03349742, 0.00059424, 0.0], [0.00053516, 0.03191712, 0.24337952, 0.4504436, 0.24439966, 0.02863092, 0.00069403, 0.0, 0.0], [0.02302765, 0.23411795, 0.47453551, 0.23595888, 0.03192372, 0.00043629, 0.0, 0.0, 0.0], [0.16274704, 0.50158233, 0.30205392, 0.0330117, 0.00060501, 0.0, 0.0, 0.0, 0.0], [0.46018668, 0.4677739, 0.07047505, 0.00156437, 0.0, 0.0, 0.0, 0.0, 0.0], [0.76503335, 0.22903209, 0.00593456, 0.0, 0.0, 0.0, 0.0, 0.0, 0.0], [0.94695481, 0.05278324, 0.00026195, 0.0, 0.0, 0.0, 0.0, 0.0, 0.0], [0.99493158, 0.00506842, 0.0, 0.0, 0.0, 0.0, 0.0, 0.0, 0.0], [1.0, 0.0, 0.0, 0.0, 0.0, 0.0, 0.0, 0.0, 0.0]]}, {"team": "Team Undying", "record_probs": [0.001985, 0.009938, 0.0259, 0.050607, 0.080527, 0.108283, 0.129881, 0.137955, 0.133346, 0.114084, 0.08787, 0.059666, 0.034642, 0.016841, 0.006594, 0.001641, 0.00024], "point_rank_probs": [[0.0, 0.0, 0.0, 0.0, 0.0, 0.0, 0.0, 0.0, 1.0], [0.0, 0.0, 0.0, 0.0, 0.0, 0.0, 0.0, 0.00623868, 0.99376132], [0.0, 0.0, 0.0, 0.0, 0.0, 0.0, 7.722e-05, 0.06849421, 0.93142857], [0.0, 0.0, 0.0, 0.0, 0.0, 0.0, 0.00656036, 0.24395835, 0.7494813], [0.0, 0.0, 0.0, 0.0, 0.0, 0.00120456, 0.07123077, 0.48115539, 0.44640928], [0.0, 0.0, 0.0, 0.0, 0.00046175, 0.03305228, 0.29542033, 0.51250889, 0.15855674], [0.0, 0.0, 0.0, 0.00025408, 0.02416828, 0.22887104, 0.48008562, 0.24353062, 0.02309037], [0.0, 0.0, 0.00035519, 0.02340618, 0.21744772, 0.45999058, 0.26270161, 0.03545359, 0.00064514], [0.0, 0.00054745, 0.0284298, 0.22338128, 0.45992381, 0.25223854, 0.0347442, 0.00073493, 0.0], [0.0005084, 0.03108236, 0.24361874, 0.44938817, 0.24447775, 0.03036359, 0.00056099, 0.0, 0.0], [0.02226016, 0.23506316, 0.47058154, 0.24049164, 0.03098896, 0.00061454, 0.0, 0.0, 0.0], [0.16061073, 0.50135756, 0.30132739, 0.0360004, 0.00070392, 0.0, 0.0, 0.0, 0.0], [0.46313723, 0.46371457, 0.07135847, 0.00178974, 0.0, 0.0, 0.0, 0.0, 0.0], [0.76812541, 0.22563981, 0.00623478, 0.0, 0.0, 0.0, 0.0, 0.0, 0.0], [0.94343342, 0.05641492, 0.00015165, 0.0, 0.0, 0.0, 0.0, 0.0, 0.0], [0.99512492, 0.00487508, 0.0, 0.0, 0.0, 0.0, 0.0, 0.0, 0.0], [1.0, 0.0, 0.0, 0.0, 0.0, 0.0, 0.0, 0.0, 0.0]]}, {"team": "Thunder Predator", "record_probs": [0.015499, 0.049183, 0.091171, 0.126839, 0.145923, 0.146515, 0.13143, 0.105239, 0.077603, 0.051642, 0.030882, 0.016461, 0.007613, 0.002916, 0.000856, 0.00021, 1.8e-05], "point_rank_probs": [[0.0, 0.0, 0.0, 0.0, 0.0, 0.0, 0.0, 0.0, 1.0], [0.0, 0.0, 0.0, 0.0, 0.0, 0.0, 0.0, 0.00262286, 0.99737714], [0.0, 0.0, 0.0, 0.0, 0.0, 0.0, 2.194e-05, 0.03869652, 0.96128155], [0.0, 0.0, 0.0, 0.0, 0.0, 0.0, 0.00363453, 0.16971909, 0.82664638], [0.0, 0.0, 0.0, 0.0, 0.0, 0.00063047, 0.0531102, 0.3981826, 0.54807673], [0.0, 0.0, 0.0, 0.0, 0.00044364, 0.02720541, 0.25589189, 0.49173805, 0.22472102], [0.0, 0.0, 0.0, 0.00022826, 0.02232367, 0.21128357, 0.46347866, 0.26489386, 0.03779198], [0.0, 0.0, 0.00025656, 0.02020164, 0.21912029, 0.45615219, 0.26488279, 0.03831279, 0.00107375], [0.0, 0.00057987, 0.02907104, 0.21250467, 0.47441465, 0.24834091, 0.03419971, 0.00088914, 0.0], [0.00060029, 0.0371984, 0.2630998, 0.4295341, 0.24222532, 0.02689671, 0.00044537, 0.0, 0.0], [0.03017939, 0.26270967, 0.47118062, 0.20795285, 0.02745936, 0.0005181, 0.0, 0.0, 0.0], [0.19348764, 0.50622684, 0.27070044, 0.02897758, 0.0006075, 0.0, 0.0, 0.0, 0.0], [0.49901484, 0.43819782, 0.0617365, 0.00105083, 0.0, 0.0, 0.0, 0.0, 0.0], [0.79561043, 0.20027435, 0.00377229, 0.00034294, 0.0, 0.0, 0.0, 0.0, 0.0], [0.93925234, 0.06074766, 0.0, 0.0, 0.0, 0.0, 0.0, 0.0, 0.0], [1.0, 0.0, 0.0, 0.0, 0.0, 0.0, 0.0, 0.0, 0.0], [1.0, 0.0, 0.0, 0.0, 0.0, 0.0, 0.0, 0.0, 0.0]]}], "b": [{"team": "PSG.LGD", "record_probs": [2e-06, 8e-06, 7.3e-05, 0.000334, 0.001237, 0.003564, 0.009239, 0.020788, 0.041386, 0.072945, 0.114022, 0.154272, 0.179489, 0.173832, 0.133803, 0.073073, 0.021933], "point_rank_probs": [[0.0, 0.0, 0.0, 0.0, 0.0, 0.0, 0.0, 0.0, 1.0], [0.0, 0.0, 0.0, 0.0, 0.0, 0.0, 0.0, 0.0, 1.0], [0.0, 0.0, 0.0, 0.0, 0.0, 0.0, 0.0, 0.16438356, 0.83561644], [0.0, 0.0, 0.0, 0.0, 0.0, 0.0, 0.01796407, 0.3742515, 0.60778443], [0.0, 0.0, 0.0, 0.0, 0.0, 0.00242522, 0.130962, 0.58852061, 0.27809216], [0.0, 0.0, 0.0, 0.0, 0.00028058, 0.0462963, 0.37570146, 0.50729517, 0.07042649], [0.0, 0.0, 0.0, 0.00043295, 0.0258686, 0.25554714, 0.50416712, 0.20824765, 0.00573655], [0.0, 0.0, 0.00033673, 0.02886281, 0.20622475, 0.47825669, 0.25957283, 0.02660189, 0.00014431], [0.0, 0.00041077, 0.02418692, 0.24133765, 0.42444305, 0.27161359, 0.03742812, 0.00057991, 0.0], [0.00032902, 0.0221948, 0.2087189, 0.49527726, 0.23617794, 0.03689081, 0.00041127, 0.0, 0.0], [0.01521636, 0.18769185, 0.46052516, 0.30345898, 0.03247619, 0.00063146, 0.0, 0.0, 0.0], [0.13211082, 0.46983899, 0.34227857, 0.05495488, 0.00081674, 0.0, 0.0, 0.0, 0.0], [0.43005421, 0.47717687, 0.09068522, 0.00208369, 0.0, 0.0, 0.0, 0.0, 0.0], [0.75487827, 0.23754545, 0.00757628, 0.0, 0.0, 0.0, 0.0, 0.0, 0.0], [0.9416605, 0.0583096, 2.989e-05, 0.0, 0.0, 0.0, 0.0, 0.0, 0.0], [0.99597663, 0.00402337, 0.0, 0.0, 0.0, 0.0, 0.0, 0.0, 0.0], [1.0, 0.0, 0.0, 0.0, 0.0, 0.0, 0.0, 0.0, 0.0]]}, {"team": "Team Spirit", "record_probs": [2.3e-05, 0.000227, 0.001189, 0.003961, 0.010496, 0.022854, 0.04429, 0.072878, 0.106236, 0.137624, 0.155664, 0.153336, 0.129651, 0.09013, 0.048948, 0.018804, 0.003689], "point_rank_probs": [[0.0, 0.0, 0.0, 0.0, 0.0, 0.0, 0.0, 0.0, 1.0], [0.0, 0.0, 0.0, 0.0, 0.0, 0.0, 0.0, 0.02202643, 0.97797357], [0.0, 0.0, 0.0, 0.0, 0.0, 0.0, 0.0, 0.14213625, 0.85786375], [0.0, 0.0, 0.0, 0.0, 0.0, 0.0, 0.01792477, 0.39106286, 0.59101237], [0.0, 0.0, 0.0, 0.0, 0.0, 0.00238186, 0.14681784, 0.59717988, 0.25362043], [0.0, 0.0, 0.0, 0.0, 0.00140019, 0.06016452, 0.41008139, 0.4657828, 0.0625711], [0.0, 0.0, 0.0, 0.00065478, 0.03483856, 0.29742606, 0.4944457, 0.16696771, 0.00566719], [0.0, 0.0, 0.00037048, 0.03273965, 0.23750652, 0.4819287, 0.22762699, 0.01974533, 8.233e-05], [0.0, 0.00033887, 0.02546218, 0.24194247, 0.44847321, 0.25452766, 0.02899206, 0.00026356, 0.0], [0.00010173, 0.01954601, 0.20512411, 0.48309888, 0.25616172, 0.03539354, 0.00057403, 0.0, 0.0], [0.00835774, 0.16842687, 0.47251131, 0.30891536, 0.04093432, 0.0008544, 0.0, 0.0, 0.0], [0.08665936, 0.46314629, 0.38665415, 0.06230109, 0.00123911, 0.0, 0.0, 0.0, 0.0], [0.3309423, 0.54887351, 0.11733808, 0.0028461, 0.0, 0.0, 0.0, 0.0, 0.0], [0.66335293, 0.32500832, 0.01163874, 0.0, 0.0, 0.0, 0.0, 0.0, 0.0], [0.89750347, 0.10243524, 6.129e-05, 0.0, 0.0, 0.0, 0.0, 0.0, 0.0], [0.99159753, 0.00840247, 0.0, 0.0, 0.0, 0.0, 0.0, 0.0, 0.0], [1.0, 0.0, 0.0, 0.0, 0.0, 0.0, 0.0, 0.0, 0.0]]}, {"team": "Vici Gaming", "record_probs": [0.000105, 0.000876, 0.003499, 0.009714, 0.021966, 0.041877, 0.069327, 0.101306, 0.1297, 0.148005, 0.148824, 0.129895, 0.097224, 0.059112, 0.027756, 0.00923, 0.001584], "point_rank_probs": [[0.0, 0.0, 0.0, 0.0, 0.0, 0.0, 0.0, 0.0, 1.0], [0.0, 0.0, 0.0, 0.0, 0.0, 0.0, 0.0, 0.01027397, 0.98972603], [0.0, 0.0, 0.0, 0.0, 0.0, 0.0, 0.0, 0.12889397, 0.87110603], [0.0, 0.0, 0.0, 0.0, 0.0, 0.0, 0.01657402, 0.38418777, 0.59923821], [0.0, 0.0, 0.0, 0.0, 0.0, 0.00391514, 0.13489028, 0.58545024, 0.27574433], [0.0, 0.0, 0.0, 0.0, 0.00071638, 0.06065382, 0.40554481, 0.46691501, 0.06616997], [0.0, 0.0, 0.0, 0.00060582, 0.03528207, 0.29776278, 0.49606935, 0.16412076, 0.00615922], [0.0, 0.0, 0.00042446, 0.03074843, 0.24116044, 0.48725643, 0.22249423, 0.01782718, 8.884e-05], [0.0, 0.00027756, 0.02302236, 0.22921357, 0.46206631, 0.25546646, 0.02965305, 0.00030069, 0.0], [6.757e-05, 0.01591838, 0.19345292, 0.47638931, 0.27630148, 0.0372555, 0.00061484, 0.0, 0.0], [0.00716954, 0.15363113, 0.46688034, 0.32367091, 0.04763345, 0.00101462, 0.0, 0.0, 0.0], [0.08191231, 0.44743832, 0.401047, 0.06804727, 0.0015551, 0.0, 0.0, 0.0, 0.0], [0.31797704, 0.5454106, 0.13308442, 0.00352794, 0.0, 0.0, 0.0, 0.0, 0.0], [0.65360671, 0.33318108, 0.01319529, 1.692e-05, 0.0, 0.0, 0.0, 0.0, 0.0], [0.89912091, 0.10069895, 0.00018014, 0.0, 0.0, 0.0, 0.0, 0.0, 0.0], [0.99209101, 0.00790899, 0.0, 0.0, 0.0, 0.0, 0.0, 0.0, 0.0], [1.0, 0.0, 0.0, 0.0, 0.0, 0.0, 0.0, 0.0, 0.0]]}, {"team": "Elephant", "record_probs": [0.000204, 0.001598, 0.006006, 0.015598, 0.032212, 0.057085, 0.086812, 0.117103, 0.139962, 0.147266, 0.137746, 0.111478, 0.076836, 0.043996, 0.019462, 0.005654, 0.000982], "point_rank_probs": [[0.0, 0.0, 0.0, 0.0, 0.0, 0.0, 0.0, 0.0, 1.0], [0.0, 0.0, 0.0, 0.0, 0.0, 0.0, 0.0, 0.01188986, 0.98811014], [0.0, 0.0, 0.0, 0.0, 0.0, 0.0, 0.000333, 0.14185814, 0.85780886], [0.0, 0.0, 0.0, 0.0, 0.0, 0.0, 0.01801513, 0.40319272, 0.57879215], [0.0, 0.0, 0.0, 0.0, 0.0, 0.00338383, 0.14696386, 0.58344716, 0.26620514], [0.0, 0.0, 0.0, 0.0, 0.00101603, 0.06502584, 0.4171849, 0.45143207, 0.06534116], [0.0, 0.0, 0.0, 0.00047228, 0.03549049, 0.3060752, 0.49344561, 0.15902179, 0.00549463], [0.0, 0.0, 0.0003672, 0.02883786, 0.24221412, 0.49011554, 0.22028471, 0.01808664, 9.393e-05], [0.0, 0.00023578, 0.02138438, 0.21784484, 0.46935597, 0.26138523, 0.02944371, 0.0003501, 0.0], [0.00011544, 0.01482352, 0.18584059, 0.46765037, 0.29036573, 0.04057284, 0.00063151, 0.0, 0.0], [0.00705647, 0.14857056, 0.46026745, 0.32997691, 0.0528146, 0.00131401, 0.0, 0.0, 0.0], [0.08020417, 0.44280486, 0.40395414, 0.0714401, 0.00159673, 0.0, 0.0, 0.0, 0.0], [0.31658337, 0.54815451, 0.13182623, 0.00343589, 0.0, 0.0, 0.0, 0.0, 0.0], [0.6591281, 0.32768888, 0.01318302, 0.0, 0.0, 0.0, 0.0, 0.0, 0.0], [0.90124345, 0.09865379, 0.00010276, 0.0, 0.0, 0.0, 0.0, 0.0, 0.0], [0.99239476, 0.00760524, 0.0, 0.0, 0.0, 0.0, 0.0, 0.0, 0.0], [1.0, 0.0, 0.0, 0.0, 0.0, 0.0, 0.0, 0.0, 0.0]]}, {"team": "Team Secret", "record_probs": [0.00033, 0.002246, 0.007696, 0.019292, 0.039095, 0.066255, 0.097943, 0.125268, 0.143993, 0.145324, 0.129122, 0.101084, 0.065985, 0.036019, 0.015231, 0.004398, 0.000719], "point_rank_probs": [[0.0, 0.0, 0.0, 0.0, 0.0, 0.0, 0.0, 0.0, 1.0], [0.0, 0.0, 0.0, 0.0, 0.0, 0.0, 0.0, 0.01469279, 0.98530721], [0.0, 0.0, 0.0, 0.0, 0.0, 0.0, 0.0, 0.14189189, 0.85810811], [0.0, 0.0, 0.0, 0.0, 0.0, 0.0, 0.01860875, 0.40073606, 0.58065519], [0.0, 0.0, 0.0, 0.0, 0.0, 0.00468091, 0.14840772, 0.5867758, 0.26013557], [0.0, 0.0, 0.0, 0.0, 0.00117727, 0.06914195, 0.41939476, 0.44740774, 0.06287827], [0.0, 0.0, 0.0, 0.0005105, 0.03652124, 0.31324342, 0.48948878, 0.15424277, 0.00599328], [0.0, 0.0, 0.00031932, 0.02609605, 0.24219274, 0.49500271, 0.21901044, 0.01729093, 8.781e-05], [0.0, 0.0002014, 0.01959123, 0.20619752, 0.47525227, 0.26865195, 0.02986951, 0.00023612, 0.0], [9.634e-05, 0.01475324, 0.17976384, 0.45859596, 0.30449203, 0.04167928, 0.00061931, 0.0, 0.0], [0.00696241, 0.14737225, 0.45796224, 0.331059, 0.05558309, 0.00106101, 0.0, 0.0, 0.0], [0.0826936, 0.44198884, 0.40043924, 0.07317676, 0.00170156, 0.0, 0.0, 0.0, 0.0], [0.32724104, 0.54198682, 0.12715011, 0.00362204, 0.0, 0.0, 0.0, 0.0, 0.0], [0.66417724, 0.3224687, 0.01335406, 0.0, 0.0, 0.0, 0.0, 0.0, 0.0], [0.90519336, 0.09460968, 0.00019697, 0.0, 0.0, 0.0, 0.0, 0.0, 0.0], [0.98976808, 0.01023192, 0.0, 0.0, 0.0, 0.0, 0.0, 0.0, 0.0], [1.0, 0.0, 0.0, 0.0, 0.0, 0.0, 0.0, 0.0, 0.0]]}, {"team": "Quincy Crew", "record_probs": [0.000387, 0.002524, 0.008969, 0.02288, 0.045421, 0.075826, 0.108414, 0.135027, 0.148082, 0.14296, 0.121377, 0.088846, 0.055802, 0.028536, 0.011407, 0.003108, 0.000434], "point_rank_probs": [[0.0, 0.0, 0.0, 0.0, 0.0, 0.0, 0.0, 0.0, 1.0], [0.0, 0.0, 0.0, 0.0, 0.0, 0.0, 0.0, 0.01267829, 0.98732171], [0.0, 0.0, 0.0, 0.0, 0.0, 0.0, 0.00066897, 0.14996098, 0.84937005], [0.0, 0.0, 0.0, 0.0, 0.0, 0.0, 0.02176573, 0.41346154, 0.56477273], [0.0, 0.0, 0.0, 0.0, 0.0, 0.00394091, 0.16041038, 0.58356267, 0.25208604], [0.0, 0.0, 0.0, 0.0, 0.00097592, 0.07298288, 0.42820405, 0.43692137, 0.06091578], [0.0, 0.0, 0.0, 0.00056266, 0.03555814, 0.3157618, 0.49097902, 0.15177007, 0.00536831], [0.0, 0.0, 0.00039251, 0.024995, 0.24282551, 0.49411599, 0.22016337, 0.01744836, 5.925e-05], [0.0, 0.0002161, 0.01849651, 0.20019989, 0.47668859, 0.2742467, 0.02988209, 0.00027012, 0.0], [0.00016088, 0.01393397, 0.17618215, 0.45139899, 0.31338836, 0.04431309, 0.00062255, 0.0, 0.0], [0.00689587, 0.14656813, 0.45160121, 0.33461035, 0.05898152, 0.00134292, 0.0, 0.0, 0.0], [0.08540621, 0.43981721, 0.40127862, 0.07146073, 0.00203723, 0.0, 0.0, 0.0, 0.0], [0.33977277, 0.53433569, 0.12236121, 0.00353034, 0.0, 0.0, 0.0, 0.0, 0.0], [0.67679422, 0.31030978, 0.01286095, 3.504e-05, 0.0, 0.0, 0.0, 0.0, 0.0], [0.9144385, 0.08521084, 0.00035066, 0.0, 0.0, 0.0, 0.0, 0.0, 0.0], [0.99292149, 0.00707851, 0.0, 0.0, 0.0, 0.0, 0.0, 0.0, 0.0], [1.0, 0.0, 0.0, 0.0, 0.0, 0.0, 0.0, 0.0, 0.0]]}, {"team": "Fnatic", "record_probs": [0.004993, 0.020767, 0.049413, 0.084538, 0.117501, 0.139502, 0.144694, 0.133986, 0.111308, 0.082153, 0.054132, 0.03176, 0.015791, 0.00673, 0.002157, 0.000527, 4.8e-05], "point_rank_probs": [[0.0, 0.0, 0.0, 0.0, 0.0, 0.0, 0.0, 0.0, 1.0], [0.0, 0.0, 0.0, 0.0, 0.0, 0.0, 0.0, 0.01719074, 0.98280926], [0.0, 0.0, 0.0, 0.0, 0.0, 0.0, 0.00034404, 0.15271285, 0.84694311], [0.0, 0.0, 0.0, 0.0, 0.0, 0.0, 0.02133952, 0.40170101, 0.57695947], [0.0, 0.0, 0.0, 0.0, 0.0, 0.00287657, 0.1516753, 0.57729721, 0.26815091], [0.0, 0.0, 0.0, 0.0, 0.00073117, 0.05474473, 0.41451735, 0.45765652, 0.07235022], [0.0, 0.0, 0.0, 0.0002488, 0.02838404, 0.27649384, 0.5148935, 0.17245359, 0.00752623], [0.0, 0.0, 0.00013434, 0.01685251, 0.21676145, 0.48723001, 0.25642231, 0.02246503, 0.00013434], [0.0, 0.00020663, 0.01621626, 0.17046394, 0.47664139, 0.29502821, 0.04103029, 0.00041327, 0.0], [6.086e-05, 0.01495989, 0.17628084, 0.42719073, 0.33033486, 0.05024771, 0.0009251, 0.0, 0.0], [0.00888569, 0.16555826, 0.46153846, 0.30333259, 0.05909628, 0.00158871, 0.0, 0.0, 0.0], [0.10236146, 0.46448363, 0.3729534, 0.05806045, 0.00214106, 0.0, 0.0, 0.0, 0.0], [0.36786777, 0.524096, 0.10505984, 0.00297638, 0.0, 0.0, 0.0, 0.0, 0.0], [0.70445765, 0.28365527, 0.01188707, 0.0, 0.0, 0.0, 0.0, 0.0, 0.0], [0.92350487, 0.07649513, 0.0, 0.0, 0.0, 0.0, 0.0, 0.0, 0.0], [0.99810247, 0.00189753, 0.0, 0.0, 0.0, 0.0, 0.0, 0.0, 0.0], [1.0, 0.0, 0.0, 0.0, 0.0, 0.0, 0.0, 0.0, 0.0]]}, {"team": "beastcoast", "record_probs": [0.012714, 0.044318, 0.087071, 0.124801, 0.148145, 0.150731, 0.135695, 0.108769, 0.079437, 0.052014, 0.030606, 0.015205, 0.007099, 0.002503, 0.000711, 0.00016, 2.1e-05], "point_rank_probs": [[0.0, 0.0, 0.0, 0.0, 0.0, 0.0, 0.0, 0.0, 1.0], [0.0, 0.0, 0.0, 0.0, 0.0, 0.0, 0.0, 0.01475698, 0.98524302], [0.0, 0.0, 0.0, 0.0, 0.0, 0.0, 0.00016079, 0.13811717, 0.86172204], [0.0, 0.0, 0.0, 0.0, 0.0, 0.0, 0.01531238, 0.37647936, 0.60820827], [0.0, 0.0, 0.0, 0.0, 0.0, 0.00214655, 0.12358163, 0.5693476, 0.30492423], [0.0, 0.0, 0.0, 0.0, 0.00057055, 0.04803259, 0.37982233, 0.48269434, 0.08888019], [0.0, 0.0, 0.0, 0.00020635, 0.02714175, 0.2615498, 0.50607613, 0.19474557, 0.01028041], [0.0, 0.0, 0.00019307, 0.01611672, 0.21765393, 0.47996212, 0.25922827, 0.02658846, 0.00025743], [0.0, 0.00021401, 0.01757367, 0.16907738, 0.48332641, 0.28875713, 0.0402835, 0.0007679, 0.0], [0.00011535, 0.01720691, 0.18941054, 0.42125197, 0.32400892, 0.04685277, 0.00115354, 0.0, 0.0], [0.01146834, 0.17904986, 0.46611775, 0.2893877, 0.05276743, 0.00120891, 0.0, 0.0, 0.0], [0.1065439, 0.48174942, 0.35554094, 0.05511345, 0.00105229, 0.0, 0.0, 0.0, 0.0], [0.3665305, 0.52894774, 0.10212706, 0.0023947, 0.0, 0.0, 0.0, 0.0, 0.0], [0.69476628, 0.29684379, 0.00838993, 0.0, 0.0, 0.0, 0.0, 0.0, 0.0], [0.91842475, 0.08157525, 0.0, 0.0, 0.0, 0.0, 0.0, 0.0, 0.0], [1.0, 0.0, 0.0, 0.0, 0.0, 0.0, 0.0, 0.0, 0.0], [1.0, 0.0, 0.0, 0.0, 0.0, 0.0, 0.0, 0.0, 0.0]]}, {"team": "SG esports", "record_probs": [0.030777, 0.086452, 0.138963, 0.164887, 0.1636, 0.140283, 0.107252, 0.073425, 0.046187, 0.025971, 0.013141, 0.00597, 0.002188, 0.000697, 0.000168, 3.5e-05, 4e-06], "point_rank_probs": [[0.0, 0.0, 0.0, 0.0, 0.0, 0.0, 0.0, 0.0, 1.0], [0.0, 0.0, 0.0, 0.0, 0.0, 0.0, 0.0, 0.0077037, 0.9922963], [0.0, 0.0, 0.0, 0.0, 0.0, 0.0, 0.00012953, 0.09013191, 0.90973856], [0.0, 0.0, 0.0, 0.0, 0.0, 0.0, 0.01155943, 0.29010171, 0.69833886], [0.0, 0.0, 0.0, 0.0, 0.0, 0.00174817, 0.1047555, 0.50273839, 0.39075795], [0.0, 0.0, 0.0, 0.0, 0.00050612, 0.04393262, 0.34993549, 0.47722105, 0.12840472], [0.0, 0.0, 0.0, 0.00024242, 0.02793421, 0.25714206, 0.49477865, 0.20357662, 0.01632604], [0.0, 0.0, 0.00020429, 0.01676541, 0.2276745, 0.47561457, 0.25247531, 0.02681648, 0.00044944], [0.0, 0.00028146, 0.01978912, 0.17054582, 0.49667655, 0.27408145, 0.03823587, 0.00038972, 0.0], [7.701e-05, 0.02287166, 0.20607601, 0.41226753, 0.31450464, 0.04327904, 0.00092411, 0.0, 0.0], [0.01529564, 0.19564721, 0.46769652, 0.26984248, 0.05075717, 0.00076098, 0.0, 0.0, 0.0], [0.1281407, 0.48961474, 0.33132328, 0.04924623, 0.00167504, 0.0, 0.0, 0.0, 0.0], [0.38162706, 0.5274223, 0.08820841, 0.00274223, 0.0, 0.0, 0.0, 0.0, 0.0], [0.723099, 0.26829268, 0.00860832, 0.0, 0.0, 0.0, 0.0, 0.0, 0.0], [0.91071429, 0.08928571, 0.0, 0.0, 0.0, 0.0, 0.0, 0.0, 0.0], [1.0, 0.0, 0.0, 0.0, 0.0, 0.0, 0.0, 0.0, 0.0], [1.0, 0.0, 0.0, 0.0, 0.0, 0.0, 0.0, 0.0, 0.0]]}]}, "tiebreak": {"a": {"3": [0.20080400000018014, 0.12011300000009946, 0.03240500000001175, 0.004574000000000283, 0.00033200000000000156, 1.4000000000000003e-05, 0, 0], "7": [0.16574100000014508, 0.03086200000001021, 0.004850000000000319, 0.0005720000000000074, 0, 0, 0, 0]}, "b": {"3": [0.1991720000001785, 0.10331600000008266, 0.02341100000000276, 0.002693000000000033, 0.0001499999999999997, 3e-06, 0, 0], "7": [0.15540700000013474, 0.023653000000003, 0.0027860000000000454, 0.000267, 0, 0, 0, 0]}}, "matches": {"a": [[{"teams": ["Evil Geniuses", "Team Aster"], "result": -1, "probs": [0.3972, 0.4276, 0.1752]}, {"teams": ["Invictus Gaming", "T1"], "result": -1, "probs": [0.2794, 0.45, 0.2706]}, {"teams": ["Virtus.pro", "Team Undying"], "result": -1, "probs": [0.5303, 0.3671, 0.1026]}, {"teams": ["OG", "Alliance"], "result": -1, "probs": [0.3123, 0.4476, 0.2401]}, {"teams": ["Invictus Gaming", "Team Undying"], "result": -1, "probs": [0.2913, 0.4495, 0.2592]}, {"teams": ["OG", "Thunder Predator"], "result": -1, "probs": [0.4845, 0.3912, 0.1243]}, {"teams": ["Virtus.pro", "Alliance"], "result": -1, "probs": [0.4971, 0.3848, 0.118]}, {"teams": ["Evil Geniuses", "T1"], "result": -1, "probs": [0.4279, 0.4164, 0.1557]}, {"teams": ["Evil Geniuses", "Invictus Gaming"], "result": -1, "probs": [0.4228, 0.4184, 0.1588]}, {"teams": ["Virtus.pro", "OG"], "result": -1, "probs": [0.4548, 0.4051, 0.1401]}, {"teams": ["Team Aster", "Team Undying"], "result": -1, "probs": [0.3145, 0.4474, 0.2381]}, {"teams": ["Alliance", "Thunder Predator"], "result": -1, "probs": [0.4421, 0.4106, 0.1473]}], [{"teams": ["OG", "Team Aster"], "result": -1, "probs": [0.302, 0.4487, 0.2493]}, {"teams": ["Virtus.pro", "T1"], "result": -1, "probs": [0.5167, 0.3745, 0.1087]}, {"teams": ["Evil Geniuses", "Alliance"], "result": -1, "probs": [0.4084, 0.4237, 0.1678]}, {"teams": ["Invictus Gaming", "Thunder Predator"], "result": -1, "probs": [0.4277, 0.4165, 0.1558]}, {"teams": ["Invictus Gaming", "Virtus.pro"], "result": -1, "probs": [0.1111, 0.3773, 0.5116]}, {"teams": ["Team Aster", "Alliance"], "result": -1, "probs": [0.2849, 0.4498, 0.2653]}, {"teams": ["Team Undying", "Thunder Predator"], "result": -1, "probs": [0.4091, 0.4235, 0.1674]}, {"teams": ["OG", "T1"], "result": -1, "probs": [0.3303, 0.4449, 0.2247]}], [{"teams": ["Evil Geniuses", "OG"], "result": -1, "probs": [0.3672, 0.4367, 0.1961]}, {"teams": ["Team Aster", "T1"], "result": -1, "probs": [0.3022, 0.4487, 0.2491]}, {"teams": ["Team Undying", "Alliance"], "result": -1, "probs": [0.2473, 0.4485, 0.3042]}, {"teams": ["Virtus.pro", "Thunder Predator"], "result": -1, "probs": [0.6659, 0.2802, 0.0539]}, {"teams": ["OG", "Team Undying"], "result": -1, "probs": [0.3431, 0.4425, 0.2144]}, {"teams": ["Invictus Gaming", "Team Aster"], "result": -1, "probs": [0.2533, 0.4491, 0.2976]}, {"teams": ["T1", "Alliance"], "result": -1, "probs": [0.2584, 0.4495, 0.2921]}, {"teams": ["Evil Geniuses", "Thunder Predator"], "result": -1, "probs": [0.584, 0.3352, 0.0808]}, {"teams": ["Evil Geniuses", "Virtus.pro"], "result": -1, "probs": [0.2047, 0.4397, 0.3556]}, {"teams": ["Invictus Gaming", "Alliance"], "result": -1, "probs": [0.2627, 0.4497, 0.2876]}, {"teams": ["T1", "Team Undying"], "result": -1, "probs": [0.2868, 0.4498, 0.2635]}, {"teams": ["Team Aster", "Thunder Predator"], "result": -1, "probs": [0.4536, 0.4056, 0.1408]}], [{"teams": ["Invictus Gaming", "OG"], "result": -1, "probs": [0.2287, 0.4457, 0.3256]}, {"teams": ["Evil Geniuses", "Team Undying"], "result": -1, "probs": [0.4415, 0.4108, 0.1476]}, {"teams": ["Virtus.pro", "Team Aster"], "result": -1, "probs": [0.4857, 0.3906, 0.1237]}, {"teams": ["T1", "Thunder Predator"], "result": -1, "probs": [0.4226, 0.4185, 0.159]}]], "b": [[{"teams": ["Team Secret", "Team Spirit"], "result": -1, "probs": [0.1863, 0.4328, 0.3808]}, {"teams": ["PSG.LGD", "Quincy Crew"], "result": -1, "probs": [0.5334, 0.3653, 0.1013]}, {"teams": ["Elephant", "beastcoast"], "result": -1, "probs": [0.5168, 0.3745, 0.1087]}, {"teams": ["Vici Gaming", "Fnatic"], "result": -1, "probs": [0.4798, 0.3935, 0.1268]}, {"teams": ["PSG.LGD", "Team Spirit"], "result": -1, "probs": [0.3997, 0.4268, 0.1735]}, {"teams": ["Elephant", "Fnatic"], "result": -1, "probs": [0.4444, 0.4096, 0.146]}, {"teams": ["Vici Gaming", "SG esports"], "result": -1, "probs": [0.6284, 0.3062, 0.0654]}, {"teams": ["Team Secret", "beastcoast"], "result": -1, "probs": [0.4976, 0.3846, 0.1178]}], [{"teams": ["PSG.LGD", "Team Secret"], "result": -1, "probs": [0.5144, 0.3758, 0.1098]}, {"teams": ["Elephant", "Vici Gaming"], "result": -1, "probs": [0.2456, 0.4483, 0.306]}, {"teams": ["Quincy Crew", "beastcoast"], "result": -1, "probs": [0.4785, 0.3941, 0.1274]}, {"teams": ["Fnatic", "SG esports"], "result": -1, "probs": [0.418, 0.4202, 0.1618]}, {"teams": ["Elephant", "Team Spirit"], "result": -1, "probs": [0.1997, 0.438, 0.3623]}, {"teams": ["PSG.LGD", "Fnatic"], "result": -1, "probs": [0.6662, 0.28, 0.0539]}, {"teams": ["Vici Gaming", "Quincy Crew"], "result": -1, "probs": [0.3413, 0.4429, 0.2158]}, {"teams": ["Team Secret", "SG esports"], "result": -1, "probs": [0.577, 0.3396, 0.0835]}, {"teams": ["Team Secret", "Elephant"], "result": -1, "probs": [0.2589, 0.4495, 0.2916]}, {"teams": ["Vici Gaming", "Team Spirit"], "result": -1, "probs": [0.2259, 0.4452, 0.329]}, {"teams": ["beastcoast", "SG esports"], "result": -1, "probs": [0.3477, 0.4415, 0.2108]}, {"teams": ["Quincy Crew", "Fnatic"], "result": -1, "probs": [0.4063, 0.4245, 0.1692]}], [{"teams": ["PSG.LGD", "Vici Gaming"], "result": -1, "probs": [0.4598, 0.4028, 0.1373]}, {"teams": ["Quincy Crew", "Team Spirit"], "result": -1, "probs": [0.1736, 0.4269, 0.3995]}, {"teams": ["beastcoast", "Fnatic"], "result": -1, "probs": [0.2168, 0.4431, 0.3401]}, {"teams": ["Elephant", "SG esports"], "result": -1, "probs": [0.5953, 0.328, 0.0767]}, {"teams": ["Vici Gaming", "beastcoast"], "result": -1, "probs": [0.5517, 0.3548, 0.0935]}, {"teams": ["Team Spirit", "Fnatic"], "result": -1, "probs": [0.54, 0.3616, 0.0984]}, {"teams": ["Team Secret", "Quincy Crew"], "result": -1, "probs": [0.2916, 0.4495, 0.2589]}, {"teams": ["PSG.LGD", "SG esports"], "result": -1, "probs": [0.7863, 0.1878, 0.0259]}], [{"teams": ["PSG.LGD", "Elephant"], "result": -1, "probs": [0.4953, 0.3858, 0.119]}, {"teams": ["Quincy Crew", "SG esports"], "result": -1, "probs": [0.5584, 0.3508, 0.0908]}, {"teams": ["Team Spirit", "beastcoast"], "result": -1, "probs": [0.6098, 0.3186, 0.0716]}, {"teams": ["Team Secret", "Fnatic"], "result": -1, "probs": [0.4252, 0.4174, 0.1573]}, {"teams": ["Team Secret", "Vici Gaming"], "result": -1, "probs": [0.2304, 0.4461, 0.3235]}, {"teams": ["PSG.LGD", "beastcoast"], "result": -1, "probs": [0.7267, 0.235, 0.0382]}, {"teams": ["Elephant", "Quincy Crew"], "result": -1, "probs": [0.3087, 0.4481, 0.2432]}, {"teams": ["Team Spirit", "SG esports"], "result": -1, "probs": [0.6823, 0.2684, 0.0494]}]]}}, "records": {"Evil Geniuses": [0, 0, 0], "PSG.LGD": [0, 0, 0], "Virtus.pro": [0, 0, 0], "Quincy Crew": [0, 0, 0], "Invictus Gaming": [0, 0, 0], "T1": [0, 0, 0], "Vici Gaming": [0, 0, 0], "Team Secret": [0, 0, 0], "Team Aster": [0, 0, 0], "Alliance": [0, 0, 0], "beastcoast": [0, 0, 0], "Thunder Predator": [0, 0, 0], "Team Undying": [0, 0, 0], "SG esports": [0, 0, 0], "OG": [0, 0, 0], "Team Spirit": [0, 0, 0], "Elephant": [0, 0, 0], "Fnatic": [0, 0, 0]}, "ratings": {"Evil Geniuses": "1947", "PSG.LGD": "2018", "Virtus.pro": "1997", "Quincy Crew": "1866", "Invictus Gaming": "1857", "T1": "1854", "Vici Gaming": "1908", "Team Secret": "1877", "Team Aster": "1872", "Alliance": "1865", "beastcoast": "1745", "Thunder Predator": "1765", "Team Undying": "1847", "SG esports": "1700", "OG": "1889", "Team Spirit": "1942", "Elephant": "1888", "Fnatic": "1786"}, "timestamp": "2021-10-24 23:00", "n_samples": 1000000, "model_version": "0.1"}