{"probs": {"group_rank": {"a": [{"team": "Tundra Esports", "probs": [0.26193, 0.21269, 0.1751, 0.14304, 0.0976, 0.07347, 0.03617]}, {"team": "BOOM Esports", "probs": [0.24943, 0.20769, 0.17125, 0.14477, 0.10301, 0.07952, 0.04433]}, {"team": "OG", "probs": [0.16805, 0.1716, 0.16827, 0.16315, 0.13542, 0.11665, 0.07686]}, {"team": "Evil Geniuses", "probs": [0.14693, 0.16001, 0.16529, 0.16331, 0.14831, 0.12992, 0.08623]}, {"team": "T1", "probs": [0.10465, 0.13191, 0.14951, 0.16478, 0.17158, 0.15928, 0.11829]}, {"team": "beastcoast", "probs": [0.0381, 0.06237, 0.09016, 0.11594, 0.17324, 0.22004, 0.30015]}, {"team": "BetBoom Team", "probs": [0.03091, 0.05373, 0.08042, 0.10501, 0.17084, 0.22112, 0.33797]}], "b": [{"team": "Team Spirit", "probs": [0.39428, 0.2236, 0.14955, 0.10929, 0.06435, 0.04378, 0.01515]}, {"team": "Team Liquid", "probs": [0.13956, 0.16877, 0.1695, 0.17222, 0.15101, 0.13163, 0.06731]}, {"team": "Thunder Awaken", "probs": [0.13016, 0.16192, 0.17056, 0.16744, 0.15595, 0.13774, 0.07623]}, {"team": "Gladiators", "probs": [0.12163, 0.15271, 0.16547, 0.1658, 0.16287, 0.14878, 0.08274]}, {"team": "TSM", "probs": [0.11757, 0.14844, 0.1615, 0.16704, 0.16304, 0.15497, 0.08744]}, {"team": "Fnatic", "probs": [0.0886, 0.12357, 0.14665, 0.1624, 0.17801, 0.18403, 0.11674]}, {"team": "Mind Games", "probs": [0.0082, 0.02099, 0.03677, 0.05581, 0.12477, 0.19907, 0.55439]}]}, "final_rank": [{"team": "Team Spirit", "probs": [0.01515, 0.13791, 0.10816, 0.15097, 0.0983, 0.11211, 0.14729, 0.23011]}, {"team": "Tundra Esports", "probs": [0.03617, 0.17274, 0.12024, 0.16431, 0.09744, 0.11317, 0.13271, 0.16322]}, {"team": "BOOM Esports", "probs": [0.04433, 0.1837, 0.12276, 0.16192, 0.09709, 0.10779, 0.12861, 0.1538]}, {"team": "OG", "probs": [0.07686, 0.24374, 0.14574, 0.1672, 0.08935, 0.0914, 0.09514, 0.09057]}, {"team": "Evil Geniuses", "probs": [0.08623, 0.263, 0.14945, 0.16901, 0.08625, 0.08715, 0.08443, 0.07448]}, {"team": "Team Liquid", "probs": [0.06731, 0.30462, 0.17196, 0.16841, 0.08413, 0.07919, 0.07134, 0.05304]}, {"team": "Thunder Awaken", "probs": [0.07623, 0.31338, 0.17188, 0.1673, 0.07993, 0.07562, 0.06714, 0.04852]}, {"team": "Gladiators", "probs": [0.08274, 0.3277, 0.17313, 0.16077, 0.0757, 0.0709, 0.06244, 0.04662]}, {"team": "T1", "probs": [0.11829, 0.30959, 0.1584, 0.15665, 0.07461, 0.07155, 0.06339, 0.04752]}, {"team": "TSM", "probs": [0.08744, 0.33224, 0.17394, 0.15943, 0.07385, 0.07073, 0.05987, 0.0425]}, {"team": "Fnatic", "probs": [0.11674, 0.3699, 0.17225, 0.14855, 0.06322, 0.05666, 0.04443, 0.02825]}, {"team": "beastcoast", "probs": [0.30015, 0.36246, 0.13269, 0.1015, 0.03766, 0.03159, 0.02234, 0.01161]}, {"team": "BetBoom Team", "probs": [0.33797, 0.36212, 0.12336, 0.09005, 0.03327, 0.02622, 0.0182, 0.00881]}, {"team": "Mind Games", "probs": [0.55439, 0.3169, 0.07604, 0.03393, 0.0092, 0.00592, 0.00267, 0.00095]}], "record": {"a": [{"team": "Tundra Esports", "record_probs": [0.00037, 0.00283, 0.01006, 0.02758, 0.05899, 0.10098, 0.14505, 0.17429, 0.17676, 0.1484, 0.09709, 0.04619, 0.01141], "point_rank_probs": [[0.0, 0.0, 0.0, 0.0, 0.0, 0.0, 1.0], [0.0, 0.0, 0.0, 0.0, 0.0, 0.00706714, 0.99293286], [0.0, 0.0, 0.0, 0.0, 0.0, 0.16799205, 0.83200795], [0.0, 0.0, 0.0, 0.00036258, 0.03045685, 0.44379985, 0.52538071], [0.0, 0.0, 0.0, 0.01576538, 0.25173758, 0.577386, 0.15511104], [0.0, 0.0, 0.01287384, 0.24460289, 0.49801941, 0.23479897, 0.00970489], [0.0, 0.01530507, 0.23640124, 0.53105826, 0.20517063, 0.01206481, 0.0], [0.01652418, 0.23713351, 0.51959378, 0.21613403, 0.01061449, 0.0, 0.0], [0.18708984, 0.54565513, 0.25203666, 0.0151618, 5.657e-05, 0.0, 0.0], [0.56172507, 0.40876011, 0.02938005, 0.00013477, 0.0, 0.0, 0.0], [0.87959625, 0.11999176, 0.00041199, 0.0, 0.0, 0.0, 0.0], [0.99177311, 0.00822689, 0.0, 0.0, 0.0, 0.0, 0.0], [1.0, 0.0, 0.0, 0.0, 0.0, 0.0, 0.0]]}, {"team": "BOOM Esports", "record_probs": [0.00056, 0.00346, 0.01299, 0.03336, 0.06345, 0.10587, 0.14676, 0.17206, 0.17328, 0.14146, 0.09282, 0.04336, 0.01057], "point_rank_probs": [[0.0, 0.0, 0.0, 0.0, 0.0, 0.0, 1.0], [0.0, 0.0, 0.0, 0.0, 0.0, 0.01734104, 0.98265896], [0.0, 0.0, 0.0, 0.0, 0.0, 0.13471901, 0.86528099], [0.0, 0.0, 0.0, 0.0, 0.03417266, 0.45053957, 0.51528777], [0.0, 0.0, 0.0, 0.01591805, 0.25327029, 0.56233255, 0.16847912], [0.0, 0.0, 0.01397941, 0.23661094, 0.50269198, 0.23491074, 0.01180693], [0.0, 0.01424094, 0.23167075, 0.52936768, 0.21020714, 0.01451349, 0.0], [0.01685459, 0.2371847, 0.51307683, 0.22282925, 0.01005463, 0.0, 0.0], [0.18126731, 0.5544783, 0.24878809, 0.0154663, 0.0, 0.0, 0.0], [0.57047929, 0.39869928, 0.03082143, 0.0, 0.0, 0.0, 0.0], [0.87201034, 0.12777419, 0.00021547, 0.0, 0.0, 0.0, 0.0], [0.98962177, 0.01037823, 0.0, 0.0, 0.0, 0.0, 0.0], [1.0, 0.0, 0.0, 0.0, 0.0, 0.0, 0.0]]}, {"team": "OG", "record_probs": [0.00128, 0.00834, 0.02525, 0.05543, 0.09543, 0.13798, 0.16707, 0.16835, 0.14691, 0.10578, 0.05901, 0.02369, 0.00548], "point_rank_probs": [[0.0, 0.0, 0.0, 0.0, 0.0, 0.0, 1.0], [0.0, 0.0, 0.0, 0.0, 0.0, 0.00959233, 0.99040767], [0.0, 0.0, 0.0, 0.0, 0.0, 0.15168317, 0.84831683], [0.0, 0.0, 0.0, 0.0, 0.0326538, 0.43784954, 0.52949666], [0.0, 0.0, 0.0, 0.01697579, 0.26260086, 0.56533585, 0.1550875], [0.0, 0.0, 0.01304537, 0.23170025, 0.51021887, 0.23235251, 0.012683], [0.0, 0.01322799, 0.22242174, 0.53360867, 0.21601724, 0.01472437, 0.0], [0.01318681, 0.22447282, 0.52319572, 0.22690823, 0.01223641, 0.0, 0.0], [0.17949765, 0.54931591, 0.25614322, 0.01504322, 0.0, 0.0, 0.0], [0.55549253, 0.41056911, 0.03393836, 0.0, 0.0, 0.0, 0.0], [0.87764786, 0.12218268, 0.00016946, 0.0, 0.0, 0.0, 0.0], [0.98902491, 0.01097509, 0.0, 0.0, 0.0, 0.0, 0.0], [1.0, 0.0, 0.0, 0.0, 0.0, 0.0, 0.0]]}, {"team": "Evil Geniuses", "record_probs": [0.00184, 0.00951, 0.02926, 0.06409, 0.1058, 0.14722, 0.16826, 0.16805, 0.13734, 0.09413, 0.05094, 0.01955, 0.00401], "point_rank_probs": [[0.0, 0.0, 0.0, 0.0, 0.0, 0.0, 1.0], [0.0, 0.0, 0.0, 0.0, 0.0, 0.01787592, 0.98212408], [0.0, 0.0, 0.0, 0.0, 0.00068353, 0.1507177, 0.84859877], [0.0, 0.0, 0.0, 0.00015603, 0.03432673, 0.46809175, 0.4974255], [0.0, 0.0, 0.0, 0.01672968, 0.26758034, 0.55935728, 0.1563327], [0.0, 0.0, 0.0124983, 0.22401848, 0.52248336, 0.22877326, 0.0122266], [0.0, 0.01420421, 0.21971948, 0.52252466, 0.22881255, 0.01473909, 0.0], [0.01392443, 0.21963701, 0.52448676, 0.22790836, 0.01404344, 0.0, 0.0], [0.17766128, 0.54769186, 0.25768167, 0.0169652, 0.0, 0.0, 0.0], [0.55529587, 0.41357697, 0.03112716, 0.0, 0.0, 0.0, 0.0], [0.8745583, 0.12504908, 0.00039262, 0.0, 0.0, 0.0, 0.0], [0.99028133, 0.00971867, 0.0, 0.0, 0.0, 0.0, 0.0], [1.0, 0.0, 0.0, 0.0, 0.0, 0.0, 0.0]]}, {"team": "T1", "record_probs": [0.00283, 0.01477, 0.04252, 0.08416, 0.13041, 0.16593, 0.1737, 0.1534, 0.11494, 0.06975, 0.03416, 0.01133, 0.0021], "point_rank_probs": [[0.0, 0.0, 0.0, 0.0, 0.0, 0.0, 1.0], [0.0, 0.0, 0.0, 0.0, 0.0, 0.01489506, 0.98510494], [0.0, 0.0, 0.0, 0.0, 0.00023518, 0.15616181, 0.84360301], [0.0, 0.0, 0.0, 0.0, 0.03528992, 0.45710551, 0.50760456], [0.0, 0.0, 0.0, 0.01418603, 0.26677402, 0.56307032, 0.15596963], [0.0, 0.0, 0.01096848, 0.21346351, 0.53444223, 0.22919303, 0.01193274], [0.0, 0.01243523, 0.21364421, 0.51393207, 0.24565343, 0.01433506, 0.0], [0.01264668, 0.22711864, 0.50847458, 0.2357236, 0.01603651, 0.0, 0.0], [0.17548286, 0.54054289, 0.26587785, 0.0180964, 0.0, 0.0, 0.0], [0.56530466, 0.40573477, 0.02896057, 0.0, 0.0, 0.0, 0.0], [0.87119438, 0.12880562, 0.0, 0.0, 0.0, 0.0, 0.0], [0.9929391, 0.0070609, 0.0, 0.0, 0.0, 0.0, 0.0], [1.0, 0.0, 0.0, 0.0, 0.0, 0.0, 0.0]]}, {"team": "beastcoast", "record_probs": [0.01594, 0.05629, 0.1115, 0.15795, 0.17655, 0.16765, 0.13299, 0.091, 0.05251, 0.02559, 0.0093, 0.00236, 0.00037], "point_rank_probs": [[0.0, 0.0, 0.0, 0.0, 0.0, 0.0, 1.0], [0.0, 0.0, 0.0, 0.0, 0.0, 0.01012613, 0.98987387], [0.0, 0.0, 0.0, 0.0, 8.969e-05, 0.12224215, 0.87766816], [0.0, 0.0, 0.0, 0.0, 0.02576765, 0.39677113, 0.57746122], [0.0, 0.0, 0.0, 0.01025205, 0.23500425, 0.54958935, 0.20515435], [0.0, 0.0, 0.00841038, 0.17458992, 0.54029228, 0.25762004, 0.01908738], [0.0, 0.01285811, 0.21294834, 0.48402135, 0.26806527, 0.02210693, 0.0], [0.01604396, 0.23285714, 0.51846154, 0.2167033, 0.01582418, 0.00010989, 0.0], [0.20662731, 0.53875452, 0.23995429, 0.01466387, 0.0, 0.0, 0.0], [0.57991403, 0.39468542, 0.02540055, 0.0, 0.0, 0.0, 0.0], [0.88924731, 0.11075269, 0.0, 0.0, 0.0, 0.0, 0.0], [0.97881356, 0.02118644, 0.0, 0.0, 0.0, 0.0, 0.0], [1.0, 0.0, 0.0, 0.0, 0.0, 0.0, 0.0]]}, {"team": "BetBoom Team", "record_probs": [0.01905, 0.06578, 0.1242, 0.1694, 0.18041, 0.16171, 0.12464, 0.08131, 0.04423, 0.02015, 0.00684, 0.00197, 0.00031], "point_rank_probs": [[0.0, 0.0, 0.0, 0.0, 0.0, 0.0, 1.0], [0.0, 0.0, 0.0, 0.0, 0.0, 0.00912131, 0.99087869], [0.0, 0.0, 0.0, 0.0, 0.00016103, 0.11570048, 0.88413849], [0.0, 0.0, 0.0, 0.0, 0.02733176, 0.3772137, 0.59545455], [0.0, 0.0, 0.0, 0.0096447, 0.22931101, 0.54226484, 0.21877945], [0.0, 0.0, 0.00939954, 0.16900625, 0.54103024, 0.25836374, 0.02220023], [0.0, 0.01299743, 0.20699615, 0.47151797, 0.28730745, 0.021181, 0.0], [0.01648014, 0.23576436, 0.52416677, 0.20489485, 0.01869389, 0.0, 0.0], [0.20664707, 0.5532444, 0.22857789, 0.01153064, 0.0, 0.0, 0.0], [0.59255583, 0.38908189, 0.01836228, 0.0, 0.0, 0.0, 0.0], [0.90789474, 0.09210526, 0.0, 0.0, 0.0, 0.0, 0.0], [1.0, 0.0, 0.0, 0.0, 0.0, 0.0, 0.0], [1.0, 0.0, 0.0, 0.0, 0.0, 0.0, 0.0]]}], "b": [{"team": "Team Spirit", "record_probs": [0.0001, 0.00117, 0.00444, 0.01342, 0.03133, 0.06124, 0.10514, 0.14791, 0.1817, 0.18592, 0.14944, 0.08947, 0.02872], "point_rank_probs": [[0.0, 0.0, 0.0, 0.0, 0.0, 0.0, 1.0], [0.0, 0.0, 0.0, 0.0, 0.0, 0.00854701, 0.99145299], [0.0, 0.0, 0.0, 0.0, 0.0, 0.20495495, 0.79504505], [0.0, 0.0, 0.0, 0.0, 0.03651267, 0.51117735, 0.45230999], [0.0, 0.0, 0.0, 0.01787424, 0.25917651, 0.60389403, 0.11905522], [0.0, 0.0, 0.0142064, 0.21195297, 0.51600261, 0.24869366, 0.00914435], [0.0, 0.01483736, 0.2141906, 0.53823473, 0.21514172, 0.01759559, 0.0], [0.01467108, 0.21878169, 0.51200054, 0.24427016, 0.01027652, 0.0, 0.0], [0.18425977, 0.55008255, 0.24898184, 0.01667584, 0.0, 0.0, 0.0], [0.57917384, 0.39312608, 0.02770009, 0.0, 0.0, 0.0, 0.0], [0.89387045, 0.10586188, 0.00026767, 0.0, 0.0, 0.0, 0.0], [0.99083492, 0.00916508, 0.0, 0.0, 0.0, 0.0, 0.0], [1.0, 0.0, 0.0, 0.0, 0.0, 0.0, 0.0]]}, {"team": "Team Liquid", "record_probs": [0.00141, 0.00746, 0.02646, 0.05867, 0.10188, 0.14515, 0.17407, 0.16954, 0.14284, 0.09759, 0.05166, 0.01955, 0.00372], "point_rank_probs": [[0.0, 0.0, 0.0, 0.0, 0.0, 0.0, 1.0], [0.0, 0.0, 0.0, 0.0, 0.0, 0.03351206, 0.96648794], [0.0, 0.0, 0.0, 0.0, 0.0, 0.22297808, 0.77702192], [0.0, 0.0, 0.0, 0.00017044, 0.04073632, 0.52616329, 0.43292995], [0.0, 0.0, 0.0, 0.01747154, 0.2844523, 0.58372595, 0.11435022], [0.0, 0.0, 0.01164313, 0.23362039, 0.52442301, 0.22287289, 0.00744058], [0.0, 0.01464928, 0.2069857, 0.52725915, 0.23507784, 0.01602803, 0.0], [0.01091188, 0.20537926, 0.52076206, 0.24761118, 0.01533561, 0.0, 0.0], [0.15191823, 0.54872585, 0.2800336, 0.01932232, 0.0, 0.0, 0.0], [0.50999078, 0.45475971, 0.03524951, 0.0, 0.0, 0.0, 0.0], [0.83546264, 0.16356949, 0.00096787, 0.0, 0.0, 0.0, 0.0], [0.99028133, 0.00971867, 0.0, 0.0, 0.0, 0.0, 0.0], [1.0, 0.0, 0.0, 0.0, 0.0, 0.0, 0.0]]}, {"team": "Thunder Awaken", "record_probs": [0.00156, 0.00915, 0.02961, 0.06427, 0.10672, 0.14983, 0.1721, 0.16743, 0.13831, 0.09245, 0.04768, 0.0179, 0.00299], "point_rank_probs": [[0.0, 0.0, 0.0, 0.0, 0.0, 0.0, 1.0], [0.0, 0.0, 0.0, 0.0, 0.0, 0.01530055, 0.98469945], [0.0, 0.0, 0.0, 0.0, 0.00135089, 0.21209051, 0.7865586], [0.0, 0.0, 0.0, 0.0, 0.04185468, 0.52061615, 0.43752917], [0.0, 0.0, 0.0, 0.01883433, 0.28476387, 0.57421289, 0.12218891], [0.0, 0.0, 0.01368217, 0.22812521, 0.5245278, 0.225589, 0.00807582], [0.0, 0.01167926, 0.21533992, 0.51592098, 0.24090645, 0.0161534, 0.0], [0.01045213, 0.2065938, 0.52792212, 0.238428, 0.01660395, 0.0, 0.0], [0.1495192, 0.54341696, 0.2886993, 0.01836454, 0.0, 0.0, 0.0], [0.50589508, 0.46068145, 0.03342347, 0.0, 0.0, 0.0, 0.0], [0.84542785, 0.15373322, 0.00083893, 0.0, 0.0, 0.0, 0.0], [0.98659218, 0.01340782, 0.0, 0.0, 0.0, 0.0, 0.0], [1.0, 0.0, 0.0, 0.0, 0.0, 0.0, 0.0]]}, {"team": "Gladiators", "record_probs": [0.00174, 0.01072, 0.03296, 0.07013, 0.11429, 0.1545, 0.17188, 0.16448, 0.12991, 0.0861, 0.04377, 0.01634, 0.00318], "point_rank_probs": [[0.0, 0.0, 0.0, 0.0, 0.0, 0.0, 1.0], [0.0, 0.0, 0.0, 0.0, 0.0, 0.03544776, 0.96455224], [0.0, 0.0, 0.0, 0.0, 0.0006068, 0.21177184, 0.78762136], [0.0, 0.0, 0.0, 0.0, 0.04263511, 0.52858976, 0.42877513], [0.0, 0.0, 0.0, 0.01828681, 0.28243941, 0.58150319, 0.11777058], [0.0, 0.0, 0.01320388, 0.2205178, 0.53106796, 0.22763754, 0.00757282], [0.0, 0.01250873, 0.2128229, 0.5090761, 0.24976728, 0.01582499, 0.0], [0.00930204, 0.20646887, 0.52644698, 0.24197471, 0.01580739, 0.0, 0.0], [0.15079671, 0.54753291, 0.28365792, 0.01801247, 0.0, 0.0, 0.0], [0.51277584, 0.44796748, 0.03925668, 0.0, 0.0, 0.0, 0.0], [0.84601325, 0.15330135, 0.0006854, 0.0, 0.0, 0.0, 0.0], [0.98837209, 0.01162791, 0.0, 0.0, 0.0, 0.0, 0.0], [1.0, 0.0, 0.0, 0.0, 0.0, 0.0, 0.0]]}, {"team": "TSM", "record_probs": [0.00222, 0.01232, 0.03433, 0.07277, 0.11804, 0.15471, 0.17395, 0.15944, 0.12914, 0.08081, 0.04359, 0.01554, 0.00314], "point_rank_probs": [[0.0, 0.0, 0.0, 0.0, 0.0, 0.0, 1.0], [0.0, 0.0, 0.0, 0.0, 0.0, 0.02272727, 0.97727273], [0.0, 0.0, 0.0, 0.0, 0.00058258, 0.2219633, 0.77745412], [0.0, 0.0, 0.0, 0.0, 0.03943933, 0.52975127, 0.4308094], [0.0, 0.0, 0.0, 0.01694341, 0.27295832, 0.59259573, 0.11750254], [0.0, 0.0, 0.01318596, 0.21924892, 0.52898972, 0.23036649, 0.00820891], [0.0, 0.01144007, 0.20931302, 0.51371084, 0.24869215, 0.01684392, 0.0], [0.01022328, 0.20553186, 0.51994481, 0.24655043, 0.01774962, 0.0, 0.0], [0.14619792, 0.54661608, 0.28829178, 0.01889422, 0.0, 0.0, 0.0], [0.51392154, 0.44994431, 0.03601039, 0.00012375, 0.0, 0.0, 0.0], [0.85088323, 0.14888736, 0.00022941, 0.0, 0.0, 0.0, 0.0], [0.98455598, 0.01544402, 0.0, 0.0, 0.0, 0.0, 0.0], [1.0, 0.0, 0.0, 0.0, 0.0, 0.0, 0.0]]}, {"team": "Fnatic", "record_probs": [0.00372, 0.01726, 0.04876, 0.09336, 0.13709, 0.16712, 0.17081, 0.14838, 0.1078, 0.06382, 0.03007, 0.01025, 0.00156], "point_rank_probs": [[0.0, 0.0, 0.0, 0.0, 0.0, 0.0, 1.0], [0.0, 0.0, 0.0, 0.0, 0.0, 0.02665122, 0.97334878], [0.0, 0.0, 0.0, 0.0, 0.00082034, 0.21882691, 0.78035275], [0.0, 0.0, 0.0, 0.0, 0.03620394, 0.53191945, 0.43187661], [0.0, 0.0, 0.0, 0.01633963, 0.27507477, 0.58800788, 0.12057772], [0.0, 0.0, 0.01136908, 0.20817377, 0.53697942, 0.23557922, 0.00789852], [0.0, 0.01124056, 0.19864177, 0.51179673, 0.25923541, 0.01908553, 0.0], [0.00801995, 0.20353147, 0.52736218, 0.24181156, 0.01927483, 0.0, 0.0], [0.15454545, 0.54165121, 0.28469388, 0.01910946, 0.0, 0.0, 0.0], [0.52099655, 0.44985898, 0.02898778, 0.00015669, 0.0, 0.0, 0.0], [0.85833056, 0.14067177, 0.00099767, 0.0, 0.0, 0.0, 0.0], [0.98829268, 0.01170732, 0.0, 0.0, 0.0, 0.0, 0.0], [1.0, 0.0, 0.0, 0.0, 0.0, 0.0, 0.0]]}, {"team": "Mind Games", "record_probs": [0.0534, 0.13887, 0.19688, 0.20208, 0.16861, 0.11699, 0.06715, 0.03452, 0.01454, 0.00531, 0.00143, 0.0002, 2e-05], "point_rank_probs": [[0.0, 0.0, 0.0, 0.0, 0.0, 0.0, 1.0], [0.0, 0.0, 0.0, 0.0, 0.0, 0.00561676, 0.99438324], [0.0, 0.0, 0.0, 0.0, 0.00025396, 0.08035351, 0.91939252], [0.0, 0.0, 0.0, 0.0, 0.0199426, 0.31685471, 0.66320269], [0.0, 0.0, 0.0, 0.00735425, 0.22098333, 0.50607912, 0.2655833], [0.0, 0.0, 0.00863322, 0.15317549, 0.54124284, 0.27053594, 0.02641251], [0.0, 0.01399851, 0.22293373, 0.45093075, 0.29039464, 0.02174237, 0.0], [0.01767092, 0.27433372, 0.51013905, 0.1801854, 0.01767092, 0.0, 0.0], [0.20288858, 0.57221458, 0.21458047, 0.01031637, 0.0, 0.0, 0.0], [0.6007533, 0.38794727, 0.01129944, 0.0, 0.0, 0.0, 0.0], [0.86013986, 0.13986014, 0.0, 0.0, 0.0, 0.0, 0.0], [1.0, 0.0, 0.0, 0.0, 0.0, 0.0, 0.0], [1.0, 0.0, 0.0, 0.0, 0.0, 0.0, 0.0]]}]}, "tiebreak": {"a": {"3": [0.2032600000000625, 0.11207999999998924, 0.0238399999999992, 0.0021200000000000047, 1e-05, 0], "5": [0.1814500000000407, 0.03477999999999998, 0, 0, 0, 0]}, "b": {"3": [0.2063500000000656, 0.10692999999999124, 0.020709999999999326, 0.002200000000000005, 0, 0], "5": [0.1665600000000258, 0.02994999999999895, 0, 0, 0, 0]}}, "matches": {"a": [[{"teams": ["Evil Geniuses", "Tundra Esports"], "result": -1, "probs": [0.2061, 0.4401, 0.3538]}, {"teams": ["OG", "beastcoast"], "result": -1, "probs": [0.442, 0.4106, 0.1474]}, {"teams": ["BOOM Esports", "BetBoom Team"], "result": -1, "probs": [0.5173, 0.3742, 0.1085]}, {"teams": ["Evil Geniuses", "T1"], "result": -1, "probs": [0.3096, 0.448, 0.2425]}, {"teams": ["OG", "BOOM Esports"], "result": -1, "probs": [0.2282, 0.4456, 0.3262]}, {"teams": ["beastcoast", "BetBoom Team"], "result": -1, "probs": [0.2904, 0.4496, 0.26]}], [{"teams": ["OG", "T1"], "result": -1, "probs": [0.3266, 0.4456, 0.2278]}, {"teams": ["BOOM Esports", "beastcoast"], "result": -1, "probs": [0.4995, 0.3836, 0.1169]}, {"teams": ["Tundra Esports", "BetBoom Team"], "result": -1, "probs": [0.528, 0.3683, 0.1037]}, {"teams": ["Evil Geniuses", "BOOM Esports"], "result": -1, "probs": [0.2141, 0.4424, 0.3435]}, {"teams": ["OG", "Tundra Esports"], "result": -1, "probs": [0.2199, 0.4439, 0.3362]}, {"teams": ["T1", "beastcoast"], "result": -1, "probs": [0.3848, 0.4316, 0.1836]}], [{"teams": ["Evil Geniuses", "BetBoom Team"], "result": -1, "probs": [0.4412, 0.411, 0.1478]}, {"teams": ["BOOM Esports", "T1"], "result": -1, "probs": [0.3812, 0.4327, 0.1861]}, {"teams": ["beastcoast", "Tundra Esports"], "result": -1, "probs": [0.1117, 0.378, 0.5103]}, {"teams": ["Evil Geniuses", "OG"], "result": -1, "probs": [0.2593, 0.4495, 0.2912]}, {"teams": ["BOOM Esports", "Tundra Esports"], "result": -1, "probs": [0.2658, 0.4498, 0.2843]}, {"teams": ["T1", "BetBoom Team"], "result": -1, "probs": [0.4022, 0.4259, 0.1719]}], [{"teams": ["Evil Geniuses", "beastcoast"], "result": -1, "probs": [0.4235, 0.4181, 0.1584]}, {"teams": ["OG", "BetBoom Team"], "result": -1, "probs": [0.4598, 0.4028, 0.1373]}, {"teams": ["T1", "Tundra Esports"], "result": -1, "probs": [0.1788, 0.4295, 0.3917]}]], "b": [[{"teams": ["Team Liquid", "Thunder Awaken"], "result": -1, "probs": [0.2837, 0.4499, 0.2665]}, {"teams": ["Fnatic", "Team Spirit"], "result": -1, "probs": [0.1283, 0.3949, 0.4769]}, {"teams": ["TSM", "Gladiators"], "result": -1, "probs": [0.2704, 0.45, 0.2797]}, {"teams": ["Fnatic", "TSM"], "result": -1, "probs": [0.2469, 0.4485, 0.3047]}, {"teams": ["Team Spirit", "Gladiators"], "result": -1, "probs": [0.4376, 0.4125, 0.15]}, {"teams": ["Thunder Awaken", "Mind Games"], "result": -1, "probs": [0.5444, 0.359, 0.0965]}], [{"teams": ["Team Liquid", "Fnatic"], "result": -1, "probs": [0.3274, 0.4454, 0.2272]}, {"teams": ["Team Spirit", "TSM"], "result": -1, "probs": [0.443, 0.4102, 0.1468]}, {"teams": ["Mind Games", "Gladiators"], "result": -1, "probs": [0.1005, 0.3643, 0.5351]}, {"teams": ["Team Liquid", "Gladiators"], "result": -1, "probs": [0.2919, 0.4495, 0.2586]}, {"teams": ["Team Spirit", "Thunder Awaken"], "result": -1, "probs": [0.4282, 0.4163, 0.1555]}, {"teams": ["Mind Games", "TSM"], "result": -1, "probs": [0.1029, 0.3674, 0.5297]}], [{"teams": ["Team Liquid", "TSM"], "result": -1, "probs": [0.2967, 0.4492, 0.2541]}, {"teams": ["Fnatic", "Thunder Awaken"], "result": -1, "probs": [0.235, 0.4469, 0.3181]}, {"teams": ["Team Spirit", "Mind Games"], "result": -1, "probs": [0.6947, 0.2592, 0.0461]}, {"teams": ["Team Liquid", "Team Spirit"], "result": -1, "probs": [0.1617, 0.4202, 0.4182]}, {"teams": ["Fnatic", "Mind Games"], "result": -1, "probs": [0.4961, 0.3854, 0.1186]}, {"teams": ["Thunder Awaken", "Gladiators"], "result": -1, "probs": [0.2831, 0.4499, 0.267]}], [{"teams": ["Team Liquid", "Mind Games"], "result": -1, "probs": [0.5543, 0.3533, 0.0924]}, {"teams": ["Fnatic", "Gladiators"], "result": -1, "probs": [0.2425, 0.448, 0.3096]}, {"teams": ["Thunder Awaken", "TSM"], "result": -1, "probs": [0.2879, 0.4497, 0.2624]}]]}}, "records": {"Team Spirit": [0, 0, 0], "Mind Games": [0, 0, 0], "BetBoom Team": [0, 0, 0], "Evil Geniuses": [0, 0, 0], "TSM": [0, 0, 0], "beastcoast": [0, 0, 0], "Thunder Awaken": [0, 0, 0], "Fnatic": [0, 0, 0], "T1": [0, 0, 0], "BOOM Esports": [0, 0, 0], "Tundra Esports": [0, 0, 0], "Gladiators": [0, 0, 0], "Team Liquid": [0, 0, 0], "OG": [0, 0, 0]}, "ratings": {"Team Spirit": "1776", "Mind Games": "1526", "BetBoom Team": "1606", "Evil Geniuses": "1706", "TSM": "1676", "beastcoast": "1616", "Thunder Awaken": "1684", "Fnatic": "1657", "T1": "1683", "BOOM Esports": "1749", "Tundra Esports": "1755", "Gladiators": "1679", "Team Liquid": "1690", "OG": "1716"}, "timestamp": "2022-05-10 03:34", "n_samples": 100000, "model_version": "0.4.1"}