{"probs": {"group_rank": {"a": [{"team": "BOOM Esports", "probs": [0.144, 0.14278, 0.14239, 0.14424, 0.14135, 0.14415, 0.14109]}, {"team": "beastcoast", "probs": [0.14208, 0.14284, 0.14571, 0.14232, 0.14212, 0.14289, 0.14204]}, {"team": "BetBoom Team", "probs": [0.14269, 0.14398, 0.14278, 0.14182, 0.14343, 0.14224, 0.14306]}, {"team": "Tundra Esports", "probs": [0.14345, 0.14174, 0.1437, 0.14209, 0.14328, 0.1422, 0.14354]}, {"team": "OG", "probs": [0.14218, 0.14163, 0.14373, 0.14351, 0.14409, 0.14236, 0.1425]}, {"team": "Evil Geniuses", "probs": [0.14344, 0.1431, 0.14088, 0.14175, 0.14493, 0.14182, 0.14408]}, {"team": "T1", "probs": [0.14216, 0.14393, 0.14081, 0.14427, 0.1408, 0.14434, 0.14369]}], "b": [{"team": "Fnatic", "probs": [0.1423, 0.14255, 0.14507, 0.1447, 0.14195, 0.14169, 0.14174]}, {"team": "Gladiators", "probs": [0.14211, 0.14506, 0.14232, 0.14314, 0.14291, 0.14282, 0.14164]}, {"team": "Team Liquid", "probs": [0.14462, 0.14345, 0.14054, 0.14215, 0.14296, 0.14361, 0.14267]}, {"team": "Mind Games", "probs": [0.1425, 0.14247, 0.14547, 0.14316, 0.14184, 0.1406, 0.14396]}, {"team": "TSM", "probs": [0.1444, 0.14264, 0.13972, 0.14394, 0.14337, 0.1429, 0.14303]}, {"team": "Thunder Awaken", "probs": [0.14192, 0.14245, 0.14324, 0.14219, 0.1423, 0.14438, 0.14352]}, {"team": "Team Spirit", "probs": [0.14215, 0.14138, 0.14364, 0.14072, 0.14467, 0.144, 0.14344]}]}, "final_rank": [{"team": "Fnatic", "probs": [0.14174, 0.28246, 0.14371, 0.14426, 0.07185, 0.07175, 0.07267, 0.07156]}, {"team": "BOOM Esports", "probs": [0.14109, 0.28514, 0.14374, 0.14236, 0.07071, 0.07179, 0.0723, 0.07287]}, {"team": "BetBoom Team", "probs": [0.14306, 0.28581, 0.1411, 0.1429, 0.07161, 0.0716, 0.07186, 0.07206]}, {"team": "T1", "probs": [0.14369, 0.28392, 0.14349, 0.14262, 0.07166, 0.07039, 0.07211, 0.07212]}, {"team": "TSM", "probs": [0.14303, 0.28508, 0.14333, 0.14189, 0.07089, 0.07329, 0.07033, 0.07216]}, {"team": "Team Liquid", "probs": [0.14267, 0.28549, 0.14166, 0.14373, 0.07181, 0.07133, 0.07258, 0.07073]}, {"team": "Mind Games", "probs": [0.14396, 0.28535, 0.14201, 0.14109, 0.07202, 0.07251, 0.07147, 0.07159]}, {"team": "beastcoast", "probs": [0.14204, 0.28651, 0.14408, 0.14106, 0.07215, 0.07194, 0.07138, 0.07084]}, {"team": "Gladiators", "probs": [0.14164, 0.28645, 0.14305, 0.14405, 0.0717, 0.07209, 0.07067, 0.07035]}, {"team": "Thunder Awaken", "probs": [0.14352, 0.28536, 0.142, 0.14502, 0.07156, 0.06957, 0.07152, 0.07145]}, {"team": "OG", "probs": [0.1425, 0.28702, 0.14181, 0.14459, 0.07079, 0.0713, 0.07194, 0.07005]}, {"team": "Tundra Esports", "probs": [0.14354, 0.28493, 0.14325, 0.14398, 0.07206, 0.07081, 0.07123, 0.0702]}, {"team": "Team Spirit", "probs": [0.14344, 0.28812, 0.14357, 0.14165, 0.0699, 0.07058, 0.06973, 0.07301]}, {"team": "Evil Geniuses", "probs": [0.14408, 0.28836, 0.1432, 0.1408, 0.07129, 0.07105, 0.07021, 0.07101]}], "record": {"a": [{"team": "BOOM Esports", "record_probs": [0.00026, 0.00285, 0.01637, 0.0528, 0.11938, 0.1953, 0.22471, 0.19296, 0.12319, 0.05292, 0.01605, 0.00296, 0.00025], "point_rank_probs": [[0.0, 0.0, 0.0, 0.0, 0.0, 0.0, 1.0], [0.0, 0.0, 0.0, 0.0, 0.0, 0.0, 1.0], [0.0, 0.0, 0.0, 0.0, 0.0, 0.01588271, 0.98411729], [0.0, 0.0, 0.0, 0.0, 0.00132576, 0.13314394, 0.8655303], [0.0, 0.0, 0.0, 0.00092143, 0.06584017, 0.42846373, 0.50477467], [0.0, 0.0, 0.00414747, 0.10435228, 0.40512033, 0.40501792, 0.08136201], [0.0, 0.0271461, 0.24151128, 0.46330826, 0.23852966, 0.02941569, 8.9e-05], [0.08525083, 0.39775083, 0.41257255, 0.10079809, 0.00362769, 0.0, 0.0], [0.50580404, 0.43112266, 0.06153097, 0.00154233, 0.0, 0.0, 0.0], [0.87433862, 0.1233938, 0.00226757, 0.0, 0.0, 0.0, 0.0], [0.98193146, 0.01806854, 0.0, 0.0, 0.0, 0.0, 0.0], [1.0, 0.0, 0.0, 0.0, 0.0, 0.0, 0.0], [1.0, 0.0, 0.0, 0.0, 0.0, 0.0, 0.0]]}, {"team": "beastcoast", "record_probs": [0.00029, 0.00284, 0.01613, 0.05339, 0.11994, 0.19355, 0.22624, 0.1932, 0.12193, 0.05361, 0.01586, 0.0028, 0.00022], "point_rank_probs": [[0.0, 0.0, 0.0, 0.0, 0.0, 0.0, 1.0], [0.0, 0.0, 0.0, 0.0, 0.0, 0.0, 1.0], [0.0, 0.0, 0.0, 0.0, 0.0, 0.01363918, 0.98636082], [0.0, 0.0, 0.0, 0.0, 0.00149841, 0.13036149, 0.8681401], [0.0, 0.0, 0.0, 0.0010005, 0.06594964, 0.42471236, 0.5083375], [0.0, 0.0, 0.00480496, 0.09852751, 0.40997158, 0.40588995, 0.08080599], [8.84e-05, 0.02691832, 0.25088402, 0.45553395, 0.23894979, 0.02744873, 0.0001768], [0.08172878, 0.39963768, 0.41180124, 0.10310559, 0.00372671, 0.0, 0.0], [0.49971295, 0.43049291, 0.06856393, 0.00123021, 0.0, 0.0, 0.0], [0.87241186, 0.12572281, 0.00186532, 0.0, 0.0, 0.0, 0.0], [0.98045397, 0.01954603, 0.0, 0.0, 0.0, 0.0, 0.0], [1.0, 0.0, 0.0, 0.0, 0.0, 0.0, 0.0], [1.0, 0.0, 0.0, 0.0, 0.0, 0.0, 0.0]]}, {"team": "BetBoom Team", "record_probs": [0.00031, 0.00269, 0.01625, 0.05288, 0.12141, 0.19467, 0.22348, 0.19386, 0.1222, 0.05287, 0.01616, 0.003, 0.00022], "point_rank_probs": [[0.0, 0.0, 0.0, 0.0, 0.0, 0.0, 1.0], [0.0, 0.0, 0.0, 0.0, 0.0, 0.0, 1.0], [0.0, 0.0, 0.0, 0.0, 0.0, 0.01169231, 0.98830769], [0.0, 0.0, 0.0, 0.0, 0.00208018, 0.12027231, 0.8776475], [0.0, 0.0, 0.0, 0.00148258, 0.06556297, 0.4306894, 0.50226505], [0.0, 0.0, 0.00436636, 0.10273797, 0.41110597, 0.39651718, 0.08527251], [4.475e-05, 0.02783247, 0.24530159, 0.45449257, 0.24449615, 0.02778772, 4.475e-05], [0.08366863, 0.40353864, 0.40642732, 0.10280615, 0.00355927, 0.0, 0.0], [0.50441899, 0.42692308, 0.06751227, 0.00114566, 0.0, 0.0, 0.0], [0.86362777, 0.13504823, 0.001324, 0.0, 0.0, 0.0, 0.0], [0.98638614, 0.01361386, 0.0, 0.0, 0.0, 0.0, 0.0], [1.0, 0.0, 0.0, 0.0, 0.0, 0.0, 0.0], [1.0, 0.0, 0.0, 0.0, 0.0, 0.0, 0.0]]}, {"team": "OG", "record_probs": [0.00017, 0.00328, 0.01633, 0.05352, 0.12017, 0.19288, 0.22699, 0.19342, 0.11922, 0.05402, 0.01693, 0.00277, 0.0003], "point_rank_probs": [[0.0, 0.0, 0.0, 0.0, 0.0, 0.0, 1.0], [0.0, 0.0, 0.0, 0.0, 0.0, 0.00304878, 0.99695122], [0.0, 0.0, 0.0, 0.0, 0.0, 0.01347214, 0.98652786], [0.0, 0.0, 0.0, 0.0, 0.002429, 0.12967115, 0.86789985], [0.0, 0.0, 0.0, 0.00116502, 0.06332695, 0.42714488, 0.50836315], [0.0, 0.0, 0.00394027, 0.10011406, 0.41336582, 0.40284114, 0.0797387], [8.811e-05, 0.02603639, 0.24639852, 0.45455747, 0.24564959, 0.02713776, 0.00013216], [0.08235963, 0.39437494, 0.41159136, 0.10722779, 0.00444628, 0.0, 0.0], [0.50343902, 0.4343231, 0.06106358, 0.0011743, 0.0, 0.0, 0.0], [0.8607923, 0.13643095, 0.00277675, 0.0, 0.0, 0.0, 0.0], [0.98287064, 0.01712936, 0.0, 0.0, 0.0, 0.0, 0.0], [1.0, 0.0, 0.0, 0.0, 0.0, 0.0, 0.0], [1.0, 0.0, 0.0, 0.0, 0.0, 0.0, 0.0]]}, {"team": "Tundra Esports", "record_probs": [0.00023, 0.00319, 0.01656, 0.05302, 0.12017, 0.19386, 0.22566, 0.19319, 0.12112, 0.05409, 0.01605, 0.00264, 0.00022], "point_rank_probs": [[0.0, 0.0, 0.0, 0.0, 0.0, 0.0, 1.0], [0.0, 0.0, 0.0, 0.0, 0.0, 0.0031348, 0.9968652], [0.0, 0.0, 0.0, 0.0, 0.0, 0.01449275, 0.98550725], [0.0, 0.0, 0.0, 0.0, 0.00282912, 0.12297246, 0.87419842], [0.0, 0.0, 0.0, 0.00174752, 0.06174586, 0.4278106, 0.50869601], [0.0, 0.0, 0.00355927, 0.10306407, 0.40941917, 0.39982462, 0.08413288], [0.0003102, 0.02703182, 0.2431091, 0.45444474, 0.2461668, 0.02884871, 8.863e-05], [0.08401056, 0.39981365, 0.41290957, 0.09917698, 0.00408924, 0.0, 0.0], [0.50520145, 0.42445509, 0.06877477, 0.00156869, 0.0, 0.0, 0.0], [0.87354409, 0.12553152, 0.00092439, 0.0, 0.0, 0.0, 0.0], [0.98753894, 0.01246106, 0.0, 0.0, 0.0, 0.0, 0.0], [1.0, 0.0, 0.0, 0.0, 0.0, 0.0, 0.0], [1.0, 0.0, 0.0, 0.0, 0.0, 0.0, 0.0]]}, {"team": "T1", "record_probs": [0.00025, 0.00307, 0.0167, 0.05424, 0.11982, 0.19402, 0.22543, 0.19292, 0.11997, 0.05376, 0.01636, 0.00316, 0.0003], "point_rank_probs": [[0.0, 0.0, 0.0, 0.0, 0.0, 0.0, 1.0], [0.0, 0.0, 0.0, 0.0, 0.0, 0.0, 1.0], [0.0, 0.0, 0.0, 0.0, 0.0, 0.01976048, 0.98023952], [0.0, 0.0, 0.0, 0.0, 0.00184366, 0.12887168, 0.86928466], [0.0, 0.0, 0.0, 0.00141879, 0.06017359, 0.43273243, 0.50567518], [0.0, 0.0, 0.00329863, 0.10107205, 0.40578291, 0.4061437, 0.08370271], [4.436e-05, 0.02967662, 0.23825578, 0.46400213, 0.23967529, 0.02825711, 8.872e-05], [0.08215841, 0.40509019, 0.40659341, 0.10237404, 0.00378395, 0.0, 0.0], [0.50045845, 0.43260815, 0.06576644, 0.00116696, 0.0, 0.0, 0.0], [0.86923363, 0.12834821, 0.00241815, 0.0, 0.0, 0.0, 0.0], [0.98227384, 0.01772616, 0.0, 0.0, 0.0, 0.0, 0.0], [1.0, 0.0, 0.0, 0.0, 0.0, 0.0, 0.0], [1.0, 0.0, 0.0, 0.0, 0.0, 0.0, 0.0]]}, {"team": "Evil Geniuses", "record_probs": [0.0002, 0.00312, 0.01598, 0.05523, 0.12015, 0.19526, 0.22319, 0.19319, 0.12109, 0.05341, 0.01612, 0.00281, 0.00025], "point_rank_probs": [[0.0, 0.0, 0.0, 0.0, 0.0, 0.0, 1.0], [0.0, 0.0, 0.0, 0.0, 0.0, 0.0, 1.0], [0.0, 0.0, 0.0, 0.0, 0.0, 0.01627034, 0.98372966], [0.0, 0.0, 0.0, 0.0, 0.00090531, 0.13434728, 0.86474742], [0.0, 0.0, 0.0, 0.00108198, 0.0673325, 0.42172285, 0.50986267], [0.0, 0.0, 0.00389225, 0.10483458, 0.41539486, 0.3939875, 0.08189081], [0.00017922, 0.0294368, 0.2426184, 0.45302209, 0.24530669, 0.02930239, 0.00013441], [0.08095657, 0.40555929, 0.40581811, 0.10285211, 0.00481391, 0.0, 0.0], [0.51350235, 0.42290858, 0.06218515, 0.00140391, 0.0, 0.0, 0.0], [0.87324471, 0.12600637, 0.00074892, 0.0, 0.0, 0.0, 0.0], [0.98511166, 0.01488834, 0.0, 0.0, 0.0, 0.0, 0.0], [1.0, 0.0, 0.0, 0.0, 0.0, 0.0, 0.0], [1.0, 0.0, 0.0, 0.0, 0.0, 0.0, 0.0]]}], "b": [{"team": "Mind Games", "record_probs": [0.00032, 0.00271, 0.01619, 0.05385, 0.11988, 0.192, 0.22695, 0.19346, 0.12121, 0.05435, 0.01556, 0.00322, 0.0003], "point_rank_probs": [[0.0, 0.0, 0.0, 0.0, 0.0, 0.0, 1.0], [0.0, 0.0, 0.0, 0.0, 0.0, 0.00369004, 0.99630996], [0.0, 0.0, 0.0, 0.0, 0.0, 0.01050031, 0.98949969], [0.0, 0.0, 0.0, 0.0, 0.00148561, 0.12423398, 0.87428041], [0.0, 0.0, 0.0, 0.001001, 0.06022689, 0.42400734, 0.51476476], [0.0, 0.0, 0.00359375, 0.10546875, 0.40828125, 0.39890625, 0.08375], [4.406e-05, 0.02793567, 0.24560476, 0.45406477, 0.24432694, 0.02780348, 0.00022031], [0.0802233, 0.39527551, 0.41931149, 0.10157138, 0.00361832, 0.0, 0.0], [0.50243379, 0.43230757, 0.06451613, 0.00074251, 0.0, 0.0, 0.0], [0.86881325, 0.12934683, 0.00183993, 0.0, 0.0, 0.0, 0.0], [0.98521851, 0.01478149, 0.0, 0.0, 0.0, 0.0, 0.0], [1.0, 0.0, 0.0, 0.0, 0.0, 0.0, 0.0], [1.0, 0.0, 0.0, 0.0, 0.0, 0.0, 0.0]]}, {"team": "Fnatic", "record_probs": [0.00026, 0.00292, 0.01661, 0.05251, 0.1208, 0.19176, 0.22627, 0.19548, 0.12177, 0.05181, 0.01665, 0.00297, 0.00019], "point_rank_probs": [[0.0, 0.0, 0.0, 0.0, 0.0, 0.0, 1.0], [0.0, 0.0, 0.0, 0.0, 0.0, 0.0, 1.0], [0.0, 0.0, 0.0, 0.0, 0.0, 0.0102348, 0.9897652], [0.0, 0.0, 0.0, 0.0, 0.0019044, 0.12111979, 0.87697581], [0.0, 0.0, 0.0, 0.0013245, 0.06365894, 0.4343543, 0.50066225], [0.0, 0.0, 0.0034418, 0.10195035, 0.41265123, 0.40076137, 0.08119524], [0.00022097, 0.02717992, 0.24369117, 0.46267733, 0.24033235, 0.02580987, 8.839e-05], [0.08000818, 0.39860855, 0.41492736, 0.10313076, 0.00332515, 0.0, 0.0], [0.50562536, 0.42719882, 0.06602611, 0.00114971, 0.0, 0.0, 0.0], [0.87782281, 0.11986103, 0.00231616, 0.0, 0.0, 0.0, 0.0], [0.98498498, 0.01501502, 0.0, 0.0, 0.0, 0.0, 0.0], [1.0, 0.0, 0.0, 0.0, 0.0, 0.0, 0.0], [1.0, 0.0, 0.0, 0.0, 0.0, 0.0, 0.0]]}, {"team": "TSM", "record_probs": [0.00025, 0.00255, 0.01575, 0.05491, 0.11953, 0.19467, 0.22521, 0.19233, 0.12101, 0.05464, 0.01611, 0.00283, 0.00021], "point_rank_probs": [[0.0, 0.0, 0.0, 0.0, 0.0, 0.0, 1.0], [0.0, 0.0, 0.0, 0.0, 0.0, 0.0, 1.0], [0.0, 0.0, 0.0, 0.0, 0.0, 0.0152381, 0.9847619], [0.0, 0.0, 0.0, 0.0, 0.00218539, 0.12383901, 0.8739756], [0.0, 0.0, 0.0, 0.00125492, 0.06098887, 0.43202543, 0.50573078], [0.0, 5.137e-05, 0.00416089, 0.09965583, 0.41146556, 0.40119176, 0.0834746], [4.44e-05, 0.02886195, 0.23657919, 0.46343413, 0.24377248, 0.02717464, 0.00013321], [0.08386627, 0.4034732, 0.40409712, 0.10357199, 0.00499142, 0.0, 0.0], [0.5083051, 0.42641104, 0.06445748, 0.00082638, 0.0, 0.0, 0.0], [0.87591508, 0.12207174, 0.00201318, 0.0, 0.0, 0.0, 0.0], [0.98386096, 0.01613904, 0.0, 0.0, 0.0, 0.0, 0.0], [1.0, 0.0, 0.0, 0.0, 0.0, 0.0, 0.0], [1.0, 0.0, 0.0, 0.0, 0.0, 0.0, 0.0]]}, {"team": "Team Liquid", "record_probs": [0.00029, 0.00277, 0.01624, 0.05433, 0.12078, 0.19369, 0.22442, 0.19222, 0.12117, 0.0544, 0.01661, 0.00286, 0.00022], "point_rank_probs": [[0.0, 0.0, 0.0, 0.0, 0.0, 0.0, 1.0], [0.0, 0.0, 0.0, 0.0, 0.0, 0.0, 1.0], [0.0, 0.0, 0.0, 0.0, 0.0, 0.00800493, 0.99199507], [0.0, 0.0, 0.0, 0.0, 0.00147248, 0.11871894, 0.87980858], [0.0, 0.0, 0.0, 0.00132472, 0.065077, 0.43715847, 0.49643981], [0.0, 0.0, 0.00433683, 0.10191543, 0.40910734, 0.40347979, 0.08116062], [4.456e-05, 0.02887443, 0.23963996, 0.4586044, 0.24565547, 0.02709206, 8.912e-05], [0.08531891, 0.40536885, 0.40620123, 0.09972948, 0.00338154, 0.0, 0.0], [0.50738632, 0.42725097, 0.06404225, 0.00132046, 0.0, 0.0, 0.0], [0.86985294, 0.12867647, 0.00147059, 0.0, 0.0, 0.0, 0.0], [0.98374473, 0.01625527, 0.0, 0.0, 0.0, 0.0, 0.0], [0.9965035, 0.0034965, 0.0, 0.0, 0.0, 0.0, 0.0], [1.0, 0.0, 0.0, 0.0, 0.0, 0.0, 0.0]]}, {"team": "Gladiators", "record_probs": [0.00027, 0.00324, 0.01643, 0.05412, 0.11897, 0.19346, 0.2251, 0.19436, 0.12269, 0.0523, 0.01582, 0.00299, 0.00025], "point_rank_probs": [[0.0, 0.0, 0.0, 0.0, 0.0, 0.0, 1.0], [0.0, 0.0, 0.0, 0.0, 0.0, 0.00308642, 0.99691358], [0.0, 0.0, 0.0, 0.0, 0.0, 0.01399878, 0.98600122], [0.0, 0.0, 0.0, 0.0, 0.00184775, 0.12213599, 0.87601626], [0.0, 0.0, 0.0, 0.00067244, 0.06766412, 0.43162142, 0.50004203], [0.0, 0.0, 0.0042386, 0.10224336, 0.41160964, 0.40421793, 0.07769048], [4.442e-05, 0.02892048, 0.24411373, 0.45717459, 0.2411817, 0.02852066, 4.442e-05], [0.08360774, 0.40306647, 0.4047129, 0.10429101, 0.00432188, 0.0, 0.0], [0.49661749, 0.43866656, 0.06390089, 0.00081506, 0.0, 0.0, 0.0], [0.88260038, 0.11644359, 0.00095602, 0.0, 0.0, 0.0, 0.0], [0.98103666, 0.01896334, 0.0, 0.0, 0.0, 0.0, 0.0], [1.0, 0.0, 0.0, 0.0, 0.0, 0.0, 0.0], [1.0, 0.0, 0.0, 0.0, 0.0, 0.0, 0.0]]}, {"team": "Thunder Awaken", "record_probs": [0.0002, 0.00265, 0.01608, 0.05323, 0.12243, 0.19329, 0.22511, 0.19521, 0.11874, 0.0535, 0.01669, 0.00264, 0.00023], "point_rank_probs": [[0.0, 0.0, 0.0, 0.0, 0.0, 0.0, 1.0], [0.0, 0.0, 0.0, 0.0, 0.0, 0.0, 1.0], [0.0, 0.0, 0.0, 0.0, 0.0, 0.01181592, 0.98818408], [0.0, 0.0, 0.0, 0.0, 0.00150291, 0.12643246, 0.87206463], [0.0, 0.0, 0.0, 0.00138855, 0.06379155, 0.43012334, 0.50469656], [0.0, 0.0, 0.00367324, 0.09938434, 0.4059703, 0.40529774, 0.08567438], [0.00013327, 0.02727555, 0.24454711, 0.45457776, 0.2447248, 0.02869708, 4.442e-05], [0.08334614, 0.40090159, 0.40756109, 0.10383689, 0.00435429, 0.0, 0.0], [0.5014317, 0.43094155, 0.06585818, 0.00176857, 0.0, 0.0, 0.0], [0.87514019, 0.12299065, 0.00186916, 0.0, 0.0, 0.0, 0.0], [0.98262433, 0.01737567, 0.0, 0.0, 0.0, 0.0, 0.0], [0.99621212, 0.00378788, 0.0, 0.0, 0.0, 0.0, 0.0], [1.0, 0.0, 0.0, 0.0, 0.0, 0.0, 0.0]]}, {"team": "Team Spirit", "record_probs": [0.00021, 0.00295, 0.01604, 0.05357, 0.12228, 0.19523, 0.22515, 0.19154, 0.12128, 0.05317, 0.01553, 0.00287, 0.00018], "point_rank_probs": [[0.0, 0.0, 0.0, 0.0, 0.0, 0.0, 1.0], [0.0, 0.0, 0.0, 0.0, 0.0, 0.0, 1.0], [0.0, 0.0, 0.0, 0.0, 0.0, 0.01309227, 0.98690773], [0.0, 0.0, 0.0, 0.0, 0.00112003, 0.14093709, 0.85794288], [0.0, 0.0, 0.0, 0.00139025, 0.06861302, 0.4245175, 0.50547923], [0.0, 0.0, 0.0045075, 0.09921631, 0.41330738, 0.39758234, 0.08538647], [0.00013324, 0.02762603, 0.24703531, 0.45263158, 0.24277149, 0.02975794, 4.441e-05], [0.08207163, 0.39965542, 0.41380391, 0.0998747, 0.00454213, 5.221e-05, 0.0], [0.50766821, 0.42735818, 0.06381926, 0.00115435, 0.0, 0.0, 0.0], [0.87229641, 0.12507053, 0.00263306, 0.0, 0.0, 0.0, 0.0], [0.9916291, 0.0083709, 0.0, 0.0, 0.0, 0.0, 0.0], [1.0, 0.0, 0.0, 0.0, 0.0, 0.0, 0.0], [1.0, 0.0, 0.0, 0.0, 0.0, 0.0, 0.0]]}]}, "tiebreak": {"a": {"3": [0.18680000000004604, 0.19610000000005534, 0.062010000000008315, 0.013819999999999605, 0, 0.00017], "5": [0.21251000000007175, 0.07112000000000512, 0, 0, 0, 0]}, "b": {"3": [0.1898600000000491, 0.19469000000005393, 0.06219000000000837, 0.013349999999999624, 2e-05, 0.00015000000000000001], "5": [0.21230000000007154, 0.07208000000000475, 0, 0, 0, 0]}}, "matches": {"a": [[{"teams": ["Evil Geniuses", "Tundra Esports"], "result": -1, "probs": [0.25, 0.5, 0.25]}, {"teams": ["OG", "beastcoast"], "result": -1, "probs": [0.25, 0.5, 0.25]}, {"teams": ["BOOM Esports", "BetBoom Team"], "result": -1, "probs": [0.25, 0.5, 0.25]}, {"teams": ["Evil Geniuses", "T1"], "result": -1, "probs": [0.25, 0.5, 0.25]}, {"teams": ["OG", "BOOM Esports"], "result": -1, "probs": [0.25, 0.5, 0.25]}, {"teams": ["beastcoast", "BetBoom Team"], "result": -1, "probs": [0.25, 0.5, 0.25]}], [{"teams": ["OG", "T1"], "result": -1, "probs": [0.25, 0.5, 0.25]}, {"teams": ["BOOM Esports", "beastcoast"], "result": -1, "probs": [0.25, 0.5, 0.25]}, {"teams": ["Tundra Esports", "BetBoom Team"], "result": -1, "probs": [0.25, 0.5, 0.25]}, {"teams": ["Evil Geniuses", "BOOM Esports"], "result": -1, "probs": [0.25, 0.5, 0.25]}, {"teams": ["OG", "Tundra Esports"], "result": -1, "probs": [0.25, 0.5, 0.25]}, {"teams": ["T1", "beastcoast"], "result": -1, "probs": [0.25, 0.5, 0.25]}], [{"teams": ["Evil Geniuses", "BetBoom Team"], "result": -1, "probs": [0.25, 0.5, 0.25]}, {"teams": ["BOOM Esports", "T1"], "result": -1, "probs": [0.25, 0.5, 0.25]}, {"teams": ["beastcoast", "Tundra Esports"], "result": -1, "probs": [0.25, 0.5, 0.25]}, {"teams": ["Evil Geniuses", "OG"], "result": -1, "probs": [0.25, 0.5, 0.25]}, {"teams": ["BOOM Esports", "Tundra Esports"], "result": -1, "probs": [0.25, 0.5, 0.25]}, {"teams": ["T1", "BetBoom Team"], "result": -1, "probs": [0.25, 0.5, 0.25]}], [{"teams": ["Evil Geniuses", "beastcoast"], "result": -1, "probs": [0.25, 0.5, 0.25]}, {"teams": ["OG", "BetBoom Team"], "result": -1, "probs": [0.25, 0.5, 0.25]}, {"teams": ["T1", "Tundra Esports"], "result": -1, "probs": [0.25, 0.5, 0.25]}]], "b": [[{"teams": ["Team Liquid", "Thunder Awaken"], "result": -1, "probs": [0.25, 0.5, 0.25]}, {"teams": ["Fnatic", "Team Spirit"], "result": -1, "probs": [0.25, 0.5, 0.25]}, {"teams": ["TSM", "Gladiators"], "result": -1, "probs": [0.25, 0.5, 0.25]}, {"teams": ["Fnatic", "TSM"], "result": -1, "probs": [0.25, 0.5, 0.25]}, {"teams": ["Team Spirit", "Gladiators"], "result": -1, "probs": [0.25, 0.5, 0.25]}, {"teams": ["Thunder Awaken", "Mind Games"], "result": -1, "probs": [0.25, 0.5, 0.25]}], [{"teams": ["Team Liquid", "Fnatic"], "result": -1, "probs": [0.25, 0.5, 0.25]}, {"teams": ["Team Spirit", "TSM"], "result": -1, "probs": [0.25, 0.5, 0.25]}, {"teams": ["Mind Games", "Gladiators"], "result": -1, "probs": [0.25, 0.5, 0.25]}, {"teams": ["Team Liquid", "Gladiators"], "result": -1, "probs": [0.25, 0.5, 0.25]}, {"teams": ["Team Spirit", "Thunder Awaken"], "result": -1, "probs": [0.25, 0.5, 0.25]}, {"teams": ["Mind Games", "TSM"], "result": -1, "probs": [0.25, 0.5, 0.25]}], [{"teams": ["Team Liquid", "TSM"], "result": -1, "probs": [0.25, 0.5, 0.25]}, {"teams": ["Fnatic", "Thunder Awaken"], "result": -1, "probs": [0.25, 0.5, 0.25]}, {"teams": ["Team Spirit", "Mind Games"], "result": -1, "probs": [0.25, 0.5, 0.25]}, {"teams": ["Team Liquid", "Team Spirit"], "result": -1, "probs": [0.25, 0.5, 0.25]}, {"teams": ["Fnatic", "Mind Games"], "result": -1, "probs": [0.25, 0.5, 0.25]}, {"teams": ["Thunder Awaken", "Gladiators"], "result": -1, "probs": [0.25, 0.5, 0.25]}], [{"teams": ["Team Liquid", "Mind Games"], "result": -1, "probs": [0.25, 0.5, 0.25]}, {"teams": ["Fnatic", "Gladiators"], "result": -1, "probs": [0.25, 0.5, 0.25]}, {"teams": ["Thunder Awaken", "TSM"], "result": -1, "probs": [0.25, 0.5, 0.25]}]]}}, "records": {"Team Spirit": [0, 0, 0], "Mind Games": [0, 0, 0], "BetBoom Team": [0, 0, 0], "Evil Geniuses": [0, 0, 0], "TSM": [0, 0, 0], "beastcoast": [0, 0, 0], "Thunder Awaken": [0, 0, 0], "Fnatic": [0, 0, 0], "T1": [0, 0, 0], "BOOM Esports": [0, 0, 0], "Tundra Esports": [0, 0, 0], "Gladiators": [0, 0, 0], "Team Liquid": [0, 0, 0], "OG": [0, 0, 0]}, "ratings": {"Team Spirit": "1500", "Mind Games": "1500", "BetBoom Team": "1500", "Evil Geniuses": "1500", "TSM": "1500", "beastcoast": "1500", "Thunder Awaken": "1500", "Fnatic": "1500", "T1": "1500", "BOOM Esports": "1500", "Tundra Esports": "1500", "Gladiators": "1500", "Team Liquid": "1500", "OG": "1500"}, "timestamp": "2022-05-10 03:34", "n_samples": 100000, "model_version": "0.4.1"}